100 100
6427 412 2206 6397 1253 9656 1032 8975 4089 1775 6522 3282 3106 5024 8690 1715 2952 9304 5023 1716 5549 1796 4780 8749 5755 7052 837 7309 3086 603 7383 5502 9798 7898 1666 5909 6815 7970 8470 1460 8571 4555 1903 4100 3877 126 8472 7230 1673 1908 4508 3705 1386 1808 5436 6029 2392 1667 7408 2669 6573 9633 540 8861 5829 4113 8133 5314 5157 7955 8177 4901 7168 1296 3977 8294 4505 522 9545 5126 2067 350 6173 8484 8477 9172 2895 2602 5112 8878 8425 5212 7639 1032 3705 7788 7710 215 4779 1358
2827 3226 4066 8643 6858 6317 8249 6572 4749 1076 319 5340 3556 9072 5734 4665 3190 3572 8280 9246 9641 7703 5211 3014 7702 8807 5967 853 6045 981 1025 112 146 1998 1522 5884 5821 70 5283 737 907 3574 5496 6813 6904 513 6580 9584 6053 8802 2584 1205 7252 6569 9129 663 4640 4377 6494 4457 9574 2474 2297 5489 1749 931 9430 5772 6070 6515 8187 8567 7527 9240 4509 3775 8714 7915 8488 8674 6616 9385 7335 2387 8967 2332 9056 8864 4455 5521 8168 4260 3655 5168 3925 3667 9216 8201 7561 6464
7238 9247 9222 6843 7133 8703 1236 7148 835 8905 9754 1075 1959 3420 6844 1289 1433 7276 6545 8728 6278 831 9570 3354 8249 8625 7968 8982 4505 8472 2659 6280 4188 881 6140 6701 4843 7760 6999 5446 7620 5136 3939 2532 5506 3450 5916 578 758 6225 1065 5935 9087 2924 8861 189 5044 1351 5637 4857 497 4588 6129 5477 7704 2054 536 7285 2771 5672 9472 9684 3387 4354 1091 1813 381 4697 7843 7465 1668 7826 192 2635 1093 8228 6512 7031 8390 2301 4538 4748 2660 2708 1945 5932 9539 4811 9850 5280
8763 4149 1773 5923 7573 885 7128 5227 90 5868 1920 9326 1843 1282 9110 7867 2914 8706 4755 5986 6670 915 8615 5019 1862 4799 1174 6782 5204 7525 7419 4128 4340 529 4442 8028 1733 7581 2094 5287 3339 6017 9899 8108 3927 3106 180 7198 2031 3935 5334 2987 457 1038 1293 414 6304 4398 5073 8898 8810 9375 7226 5838 9787 9174 6859 6254 4754 1014 382 6993 2677 1597 1604 6213 4917 622 1368 1093 8456 425 782 6059 9616 3362 588 885 7972 7741 1455 1596 1813 7591 7312 5628 8945 5362 5347 8363
864 2021 5337 9766 162 9040 3117 7565 975 3243 8638 4844 3184 6346 2647 7800 8189 7874 618 1027 3700 6930 5354 458 6976 581 923 9688 8972 602 8668 9086 1543 8664 3614 5703 4520 3537 9476 848 5493 8001 3767 6599 7125 7786 7607 4510 8370 8776 8394 5914 8722 3667 1380 2240 2669 7661 2966 4904 6625 2937 1976 9635 3625 2232 6697 3052 1280 1405 5976 7724 8825 2309 8347 3882 4638 6400 9129 167 6298 7566 3973 5761 9353 4483 5957 4550 8476 6449 5293 5862 7345 7702 1591 490 8010 5048 4140 1710
6820 6493 4217 1879 5055 9586 7953 4243 2930 9160 4871 9550 6380 6052 1798 6500 287 2214 9284 1112 8336 186 8969 1958 9736 7974 2328 2500 313 1749 6956 7828 6039 5852 8195 524 1673 472 7946 3763 4804 3985 6922 791 7305 3660 8687 8399 9945 5922 4390 2201 5063 2337 2005 5829 4144 5963 5993 9205 8680 9191 505 3233 9278 137 4070 8960 4206 7698 1311 4417 2499 3526 1650 2267 7002 4775 5734 8559 2981 4864 3603 1814 4973 9681 3861 9422 6421 2591 4362 6671 9125 7303 1054 33 8334 2002 2313 4453
9659 9142 924 1073 9306 5215 5284 3300 6950 9371 1384 7112 1177 2313 5850 5814 231 5817 5007 396 6388 7962 8972 3828 6377 1665 8380 3451 5406 5408 434 1556 2723 9114 5788 7018 4761 4287 6299 1183 2593 174 4913 483 4768 7689 8070 5343 2211 7629 846 3948 478 5238 5258 5141 8705 7831 2186 441 7224 4626 6594 1480 3853 6475 2657 2081 4991 2829 9427 3578 6031 3469 1156 6607 4992 6931 8490 8258 9475 5689 6989 6173 7057 2781 4572 501 8376 4012 2957 5412 1522 4606 3567 1780 5366 1579 3727 2827
2291 391 8745 156 74 2738 9906 5845 9534 5685 6287 3359 2051 2611 5453 1883 5029 5556 5827 4817 6836 6705 9113 8632 9668 4862 7969 4459 3908 2184 3004 6826 7905 19 7708 5393 630 6967 7654 3383 6776 4066 4908 1968 3169 1251 950 8883 6985 2262 2795 8983 8 1261 7396 9121 1003 3044 5645 5417 3071 805 9623 9995 3075 4143 1330 2590 9473 2269 3075 1148 119 3118 3136 9512 5838 7011 1897 8901 8213 484 4726 5581 1298 5781 6813 1909 1028 8815 3291 7658 5794 2405 9114 9221 2018 1553 6642 6915
9225 4762 7411 7532 2243 4192 1993 5944 2165 9245 795 5839 952 1786 6444 5266 5713 7911 9387 7227 1353 6240 3148 440 2967 2050 8165 9684 4509 5519 2883 2435 3573 6101 2811 2946 7884 6423 6458 3442 7537 2717 9184 6499 6686 7790 8673 5718 1595 6823 6335 8579 8140 5183 9241 9545 4876 5327 1102 253 5265 1996 9396 9102 4538 4427 6428 6277 2572 908 9833 8858 2058 5520 203 5782 1007 4320 6184 9785 7734 363 5694 966 244 7540 7891 7853 2917 2977 3492 6099 2112 5262 1896 6595 9884 5387 1514 8334
35 7849 9851 6767 9306 7740 3696 5474 2388 1679 1032 7069 4953 3483 1444 2672 2621 4806 7535 3769 2825 2699 7895 9652 7097 8900 2029 6699 7559 6651 7024 4084 7442 2174 2505 4810 9109 5335 5159 8925 9274 3940 9285 6466 3928 9692 9410 9072 4371 6198 9947 3809 4798 6152 1863 6633 584 5498 3635 9930 6150 6994 5734 4560 4420 9766 6829 3497 9609 7640 8121 6444 6047 1745 8670 500 6209 8261 1055 9243 5955 4081 3831 1018 8256 4990 1489 2015 1428 4837 7898 4199 4385 5719 6189 7809 233 5468 3364 2368
6424 5509 827 7752 4180 9261 7752 7709 8067 8518 1326 2618 5643 9434 1602 3457 9784 9916 1778 5114 8943 7677 9656 5352 3664 3 1394 3201 6248 1270 2124 473 4217 5419 5879 5748 8111 5845 2409 8857 4471 3530 1080 7472 693 1347 6171 1534 7756 1961 2632 2779 2642 2952 1787 7860 2207 1329 9786 8489 4689 5847 2434 8398 9560 2991 5582 6143 2318 7799 9955 8418 3321 4610 3333 8239 4476 7909 1914 4583 5218 1820 9316 8237 3993 9825 5380 7783 1961 343 5579 5829 3421 1044 418 8121 8079 7025 9754 6794
8613 3581 9749 2569 1293 1979 9204 3055 4318 6387 9857 673 8486 1729 8680 4782 4395 1613 791 506 6537 1669 7258 1148 7201 9123 230 4136 2047 9076 7770 7368 3161 2535 5046 6498 3552 885 5047 4514 4578 4380 8111 3575 8428 926 3760 3856 1661 1882 9129 4761 9208 4321 6314 4788 4189 1174 4152 8221 1825 5869 1302 5549 6705 5751 286 3582 3025 1402 3381 3930 365 4763 6841 6712 1138 1805 7074 9406 1271 5287 9633 4566 234 9137 433 545 5427 4091 1498 1926 5247 7375 7998 6551 1339 11 3349 4730
2354 8735 9294 4666 5188 7246 1973 8821 9171 5000 8395 7529 3962 4803 7419 1479 4757 1482 7563 1352 6175 6112 5272 2997 537 8209 9902 7627 5419 4666 3780 9309 4699 777 1846 9465 1627 1329 6979 9338 7968 6032 5487 8025 4349 3208 2874 6940 1035 4090 732 9649 7553 68 315 3252 9161 2529 6496 8159 6998 4009 5034 6479 4108 6580 9818 2475 6642 6413 3567 6836 5350 5951 4835 7796 9858 2179 7538 7397 7293 9329 5972 3889 1706 3998 7550 7383 6068 2679 1091 3925 6974 3862 2742 5162 3369 6905 3027 1282
691 3258 7493 2309 3494 9209 9514 4202 1660 8010 2992 7175 9842 8119 4476 4128 9748 3454 3578 8322 857 6683 4866 8611 4233 2739 9839 3436 536 2083 3965 9757 3237 8861 3312 3572 1725 6400 1745 7672 6981 5248 3589 9808 1517 8163 997 1841 7807 5671 4838 4998 7060 4932 1735 3014 1797 6732 166 1707 1782 8795 565 4492 8689 5865 9589 480 3212 8035 9932 9495 4974 1674 8212 4882 6727 9796 9472 1339 9520 3594 3046 5685 8861 2225 2457 3855 8148 1148 537 1156 7279 3696 8732 2795 8481 620 3407 6179
514 7915 4126 7151 1697 4538 5010 9907 9483 1735 2538 6424 1895 2558 534 8533 2541 900 7493 4583 6255 8486 4480 9072 6339 6711 8616 862 3939 4627 2553 1625 5968 5385 8567 1632 8892 6647 713 2030 6323 5764 3788 4162 8920 5004 3013 214 5535 514 3394 810 5258 7877 4014 609 3395 4469 1195 4864 1365 6730 8140 1331 4071 5908 2271 9358 205 3547 8694 5027 9378 422 3814 3189 2803 9117 4416 732 9277 7587 3041 9590 4057 3526 1785 5387 6014 6972 6816 2069 2092 5629 3360 465 4446 5475 6221 9454
5197 1965 5042 4358 2698 1655 4979 2433 8563 5783 226 5339 900 8740 5713 9368 4160 6365 2735 7593 6324 2219 3248 6434 4645 5070 8935 9891 9897 8629 1129 4336 1320 8646 2833 8457 9246 7137 1642 5233 9613 3722 6585 7425 1176 1215 2322 7470 4934 7345 649 7506 7323 7408 5867 5870 7408 1290 2046 1196 6003 3411 7520 2109 4008 9263 956 6135 2845 2715 8069 7005 5389 8593 9583 6111 7996 6294 776 3322 5087 5646 8528 6322 5943 4035 1470 8453 7041 8820 5931 2852 1573 5289 5157 5117 5504 7354 4919 3021
6848 1455 6827 2739 9276 3120 4625 5487 3288 7230 7398 4858 8518 2022 2197 1695 7264 1355 8719 9250 9095 7064 9094 7309 1683 5655 659 2440 8553 6375 2330 9601 6339 5764 3835 380 5367 64 3446 212 9653 4101 9763 5524 4053 8223 5724 827 6605 6088 7707 1658 9828 5222 3759 4426 1367 8630 2374 4660 6971 4481 2246 3785 7954 2631 1470 6978 1158 9513 5845 8932 8788 3692 6605 7869 1904 8279 5477 5316 2865 4597 5076 9805 2961 885 4039 5557 9169 4440 2307 8700 8359 2900 2235 3387 6666 5828 5676 5844
5249 1898 6410 1928 9689 4166 9509 5527 6467 6634 7280 3713 9024 1 8914 4431 8453 1233 33 4239 8849 8042 4707 6699 1291 8878 8650 8273 4523 5369 2120 6664 3381 4582 8197 8110 5646 2685 8535 8475 7854 6456 820 2052 8981 429 4887 1965 3447 499 4391 7072 9137 7301 1144 1727 7255 4084 56 4303 7386 733 468 9629 8421 7835 1967 9761 4108 8224 6862 9744 4130 8799 627 9650 1512 3229 5943 7368 5934 245 9952 2001 5324 4984 2693 2851 8845 4767 1943 7071 9237 5159 8101 5529 5991 6168 8813 750
4850 6664 9263 5985 3636 1192 1742 7072 9767 6881 6759 3151 8606 1457 8901 5506 5865 5828 1099 1435 4549 6249 5622 4725 6736 9646 8651 1669 1668 5539 3664 1226 2371 9566 4306 7703 6706 1354 9358 5178 4310 7340 2465 3834 5880 2596 589 403 6657 2042 1623 7178 7142 6707 1246 8675 3931 1174 8549 220 6785 8426 2551 2795 4703 7437 860 516 4461 3796 7470 8138 1499 6255 9031 1492 8586 253 6845 2334 4451 5146 2343 4094 3228 5491 7584 3404 8401 4026 8392 5881 9917 1195 4694 9069 8275 2340 5518 1360
5426 8153 9127 1424 3117 5348 418 435 5142 5320 168 3641 266 606 9729 2414 6447 2612 9774 7923 3484 6965 3694 4304 9478 5432 9422 2452 2453 6264 3824 6795 6860 7568 4810 4234 7060 5887 8394 4116 2442 5103 1281 1034 4484 4197 6359 5741 9897 9271 6101 2778 3167 5434 885 7436 7061 4734 7499 3129 2318 6359 45 1892 5429 2871 9652 3596 2005 5850 7512 9863 8704 4190 4061 38 210 6013 4644 1113 1284 2678 3531 5232 6169 6668 9596 6460 9344 6030 9492 9196 8688 7174 9435 814 1465 5393 3716 5184
5345 7043 843 1918 8956 9508 1007 327 442 4898 9794 3024 2796 7303 3797 2630 1447 9923 8508 1198 95 5728 9122 3919 6325 7815 2773 3498 3077 8176 9140 2477 9856 3413 4028 1624 1663 8374 7095 4204 1317 1150 8523 7224 1322 8338 7970 6425 9654 385 9649 9697 1737 4421 291 3565 2480 3248 8848 5787 1544 3812 9892 5138 3945 5553 8398 3122 2815 7703 8798 573 5028 3230 3958 2580 6200 9488 7294 7575 8885 1906 7382 1956 5806 8564 7918 2142 849 7002 1140 616 7184 7119 4128 8556 9915 997 6133 2329
9867 8864 8919 5637 7025 2386 6355 1585 4190 3472 819 6932 6704 7336 4735 389 4950 2055 3485 3657 3143 2616 2282 8448 1981 1409 3066 5050 2854 4011 400 541 8861 9967 844 3493 9404 1048 5408 9851 8507 1786 6168 5424 6967 8217 6671 9300 5710 3998 2589 4383 5436 7827 2552 8754 7481 4792 7936 6224 3476 3346 3008 8921 1564 9547 9270 7037 300 3891 650 7962 6744 4203 856 9066 4149 2893 1616 7860 276 8661 5855 6432 6317 7231 7425 1672 4982 1192 3006 6888 8527 658 6130 2696 1243 4139 2952 3968
3120 765 5964 7703 1871 7490 7965 8373 7992 1962 9170 643 1563 9688 2214 5429 3664 8941 4233 3189 8901 4172 1375 1628 8395 7064 9880 9575 3950 2581 6180 4080 3139 5431 1803 9114 9450 3124 3797 1577 1800 5282 9921 6724 5553 7806 908 5102 1903 4035 7103 7258 442 8600 912 2176 4832 8965 9690 1990 9132 6128 868 1006 5282 4358 8479 9904 3055 7400 9541 3785 3135 1525 1693 1349 3261 3814 5968 1886 1479 9327 658 9888 9455 8910 4509 9722 2865 3898 4015 7714 4749 6324 4827 4205 2289 2909 4056 4149
2697 9991 3211 7155 1209 7756 8241 2857 8004 7884 6832 6206 5066 8363 2952 3842 5899 6311 3144 4979 9248 3888 8634 1827 7540 3026 4204 5464 3629 952 5101 611 6611 4707 1606 3111 5472 2854 9148 5931 951 9155 8776 6182 2671 5905 3106 8923 2737 8514 8763 869 6681 4231 2109 7929 9632 9676 9688 3259 7706 7630 8135 668 2732 5777 390 518 966 5672 1849 9366 1818 1063 4497 6796 1603 9377 1314 2560 3660 9060 2389 6785 8053 3949 943 5346 562 5547 9101 3819 9431 5012 3025 2603 1717 1944 5347 45
3103 6593 9169 273 4391 966 3703 6896 1375 121 206 6478 4075 110 2693 1221 5871 5649 8576 5934 7689 8806 9859 9543 2433 7852 1595 95 9185 9204 706 8362 7963 1249 8864 5427 8801 6331 2288 1643 5960 9329 3585 4351 7358 3471 5806 1093 9142 5682 9906 9497 2686 8273 202 7204 8317 7579 6967 6410 4308 5087 2608 1260 5503 3914 5143 3962 7599 6514 3587 3432 6988 3630 7582 4164 5688 2363 2046 6915 7830 5208 4358 5578 1202 3074 1979 8215 6541 445 9180 5551 9199 6986 9209 680 6751 856 6503 1204
6146 5341 4285 6300 8468 6684 46 666 2426 1719 1023 2688 109 3519 1729 7678 4852 7643 9652 5026 2147 4359 1108 4376 5236 7549 4195 3120 7089 730 7352 6037 7590 4325 1108 5468 4164 2417 7694 9417 2304 3774 6628 7971 4597 4236 4130 1144 7372 6743 9461 4791 6359 8434 7544 576 7780 9579 1451 9658 831 9580 9502 1999 8239 7711 1991 3708 8631 1938 7776 9883 2520 4541 1977 7603 6994 1013 3190 4397 6214 5282 8651 5568 2144 8947 9535 9202 7010 1490 8708 5375 5028 685 9552 1699 8083 6584 8348 3026
9053 4663 4887 2282 2688 7569 5232 1877 1965 1962 9461 7093 7196 1734 6419 6866 6190 1253 7400 5135 732 4834 6495 8016 7454 5434 6273 7137 7228 4369 4005 3721 6774 2599 3545 5280 7239 4862 3931 8992 8293 4365 8627 3820 9798 7456 1880 9607 9707 7241 803 1892 3950 4743 1228 3855 9920 2010 1060 8920 4350 4796 4294 4350 4454 4127 891 6778 2059 4665 6893 156 5270 5409 5146 3854 1038 7930 6491 8030 9440 1250 6464 7404 5459 9085 708 4683 711 8639 824 3368 6338 3578 9903 7824 536 616 5663 251
7307 7340 4739 2207 9628 6043 10000 4753 800 6317 9927 5954 6426 3855 8033 5837 9485 240 1733 5433 4842 6884 8177 4219 4070 2537 266 5704 9897 3251 7755 4639 4760 8510 2233 5222 309 6505 69 8687 7287 8489 7865 587 5566 7923 640 6446 2062 1796 630 9583 9629 3728 2199 4768 2486 5052 9946 5252 6510 7386 1982 9164 5327 5542 1853 5169 678 8190 2340 8450 9133 3668 9537 6823 1712 2391 1316 7640 4505 8091 1067 4231 5125 4078 4593 654 2561 4547 3447 2505 2791 9797 1856 6346 6313 4156 116 6016
6782 4307 3708 1824 6961 2040 7252 1065 7488 9590 8426 7460 6802 1864 8276 8259 8741 8790 4700 2056 4195 7903 7108 144 5396 9739 2614 8882 9185 2552 5204 5801 8837 7420 9288 498 3775 1384 8260 3845 823 5208 3630 337 408 5714 4601 7332 3349 7202 4546 9817 3222 7455 7063 6516 1484 5378 6655 8829 3975 1440 4127 7422 1513 2598 8526 5645 1223 1557 1343 7298 9559 4613 4223 1723 855 7056 2683 9423 2377 8634 5663 1586 7370 6921 8153 5075 228 2814 5474 1391 4999 8030 7327 369 1342 554 6589 2910
8250 2183 2197 2910 2851 9129 4809 3315 3965 9313 6992 6455 5816 6889 7802 2216 4229 387 9026 2107 5627 8878 765 9466 3018 2041 6140 4070 7534 2486 2740 6078 1813 3042 6555 3142 1121 1439 8431 7140 8104 6669 541 4911 5508 4621 7191 6336 7776 9233 1616 2850 5133 5343 9761 5463 1106 8107 3504 4511 3230 6245 9583 5313 8683 4471 4328 1236 5855 3517 6715 672 3101 1899 2839 191 1620 5318 2027 4709 4840 9029 4073 5190 5818 7124 9961 9816 9425 1535 3060 9113 4692 2024 3335 5182 122 7204 537 5384
1648 7920 2270 7597 3562 4565 1558 5514 8975 7666 6780 8567 2729 1383 7663 7851 5425 1867 5916 3721 6325 5172 7685 9521 3921 431 2964 8610 1115 8087 5925 5420 6219 7307 3740 2833 2985 5418 7420 8546 9551 7612 6000 4881 6107 1788 3657 2140 7886 6511 2145 1376 3220 1386 9671 9115 6491 5622 9448 2996 8572 5427 6429 8320 2901 7209 2206 3000 4677 9512 7712 6510 7536 1094 2115 453 5497 8259 6313 325 8149 7016 6855 2269 6959 1035 6495 9631 6839 5189 2330 1446 7601 4484 1020 3127 5242 5145 7955 1630
9278 7618 5051 4702 8453 796 9367 2781 4366 8992 6369 1131 2161 7464 1751 728 3146 7750 3879 9655 9450 8124 3962 3565 9902 3712 850 2849 6482 148 6351 8011 4409 9239 7527 4122 710 7416 3 2375 1475 7723 8726 7680 8925 7332 269 1531 1311 8316 632 1244 2020 298 1635 552 8310 53 3737 4871 281 8633 8904 6727 1123 3293 7014 8267 7820 6310 6485 4466 1920 5786 4355 9745 2036 1178 4146 8927 1445 3721 5510 8791 2832 6247 6315 1028 9562 1036 4803 7951 5669 2946 2814 7772 6704 2744 7463 8863
2545 7519 3658 3402 9343 6 2366 4781 9062 3917 387 759 4757 4163 3965 9296 3389 4773 9824 9690 4421 2377 6261 4946 8922 3761 8156 9480 6094 2239 5578 1567 1123 4149 6458 3056 3780 2926 3194 9574 9632 8116 1351 4252 5520 9791 6426 1122 568 3696 7533 3666 8629 4235 1425 8379 2710 4634 964 9801 9939 2075 9867 1945 394 4240 1635 954 5897 4731 291 6944 2526 5301 8480 5946 498 8930 9696 4053 3361 7080 2669 4997 6230 4080 9815 8969 8771 3389 1785 3365 3446 1885 5667 8433 2923 2736 215 8768
3001 9587 9083 3387 1516 1168 3281 8253 3671 4107 10 4155 1063 1454 6885 5533 2375 1767 7358 2808 7113 5542 4491 5485 8660 1832 6415 5448 3283 6725 1353 5162 9128 2011 6361 1447 479 2860 1483 9754 2355 2838 5756 8862 678 6618 1895 8587 298 8874 2052 553 1088 1781 6743 7653 2540 4106 7599 4493 8794 9086 1845 3369 9759 7654 9175 744 5218 564 996 5274 9333 1443 4574 1192 4621 6125 9421 4052 6107 5451 5650 8365 1383 5004 9117 9637 6655 743 7208 5046 2245 1031 459 8876 5246 7568 2470 990
1925 2613 4542 375 7006 4479 5967 1157 3031 8454 3806 2754 5609 99 6289 722 387 4867 9922 537 9247 9227 4606 9713 4708 8045 1149 3677 7716 2643 6430 7102 8288 8010 9600 5121 4962 4608 3090 6431 6970 8139 5539 5962 8411 822 9134 1838 3466 7971 1608 376 215 636 7076 4474 5902 5886 1824 6837 9469 5267 9509 9177 2754 477 9484 3441 2821 1017 7726 486 64 3579 1605 9357 7099 889 497 3593 6011 8338 8425 5978 2037 4548 3287 4223 4580 2593 9887 4235 4801 701 3805 5578 8873 6597 8873 7687
2656 7944 1993 384 1413 9022 6148 9407 5666 6418 1893 2755 3152 4245 2386 521 7381 7198 7477 2860 4864 6345 9823 8691 5364 2760 3396 9211 9149 5934 3163 7640 6240 7121 2747 7541 4805 6031 6115 625 4976 6085 9087 2746 6061 7330 9915 5184 2137 6541 3195 603 4092 8437 3097 6663 6188 6251 9234 8574 8888 3986 8482 6130 5790 64 1506 7317 117 313 1509 4033 7103 5329 7039 8918 1306 2804 2570 9823 9920 2214 7130 1337 6293 2712 2722 7929 7144 2158 9944 6059 7980 2226 901 9576 1071 7733 3434 3104
9399 2000 7346 3716 5809 7535 7815 7197 4962 6889 119 2448 5040 4874 1426 978 1602 2652 648 7639 4020 4980 5743 272 4363 1403 6380 358 5458 7012 302 6319 8021 8042 7529 5854 6414 8278 1258 6601 6161 425 2943 9753 2754 6871 9044 6463 1769 7479 5818 3600 6341 2339 6144 2374 7011 7666 8371 1169 3872 198 9540 2464 3312 8037 564 6858 9408 3816 5770 2928 1340 8096 4409 5812 1007 8548 6575 2830 650 218 5903 7089 8340 276 4429 1529 3380 1849 4510 6372 6375 7779 2645 8069 6411 2632 2108 2601
1569 8800 7836 1509 9231 5106 1262 6920 4622 9727 6228 3080 9504 7675 4766 7719 8869 7581 6510 7132 9703 4988 1988 5218 8033 3824 1422 5561 5685 4977 2262 5689 6172 2437 471 1322 3633 7280 8227 1338 1921 2719 704 4178 1939 3723 9158 2705 5331 1820 4134 5227 4637 9582 6123 6564 1506 5231 8949 894 872 4983 1720 8791 8169 589 9424 6814 2447 9394 882 9994 6570 5518 8141 1187 6634 560 5019 5223 6776 6053 4431 7478 8296 6775 4801 964 1189 7587 5443 5296 5253 6959 3744 2047 7047 2029 6265 4413
8065 7332 9625 6712 4061 763 3246 9937 8223 6964 5818 2401 2216 8627 9008 5299 1489 790 2857 563 1724 514 410 6125 4238 8648 2208 4693 3716 1562 8897 7104 6682 1164 7859 6278 2973 168 5031 4732 3156 6411 4718 3675 8294 7853 8800 1519 1213 6744 3509 473 6767 9675 7310 2049 4036 5062 8688 4785 9131 1267 5697 5840 5188 6132 9606 1341 4327 7505 5681 7575 6945 6621 7089 165 3879 2344 4568 1525 6231 6334 5138 1466 752 6078 4744 192 7703 1451 2585 6125 820 6220 8863 3929 6101 3904 7566 6917
1764 6702 7735 925 1468 765 3023 3417 7173 4556 9231 1843 3236 9936 7694 6175 1703 9375 2853 9986 335 3519 5517 149 1056 2655 6534 1916 9484 4538 5980 565 424 3915 6264 9685 4763 8211 3930 7911 6242 8403 8282 714 7527 2957 9643 9401 6217 4039 2893 1521 5163 6169 4361 4117 2302 4576 315 8701 114 6973 7020 2626 9840 9531 7134 4817 118 4875 2883 183 1285 2679 2617 191 3681 910 9052 5207 8394 9441 2821 4648 1706 101 7475 7838 9299 9686 2891 2702 5077 7676 2112 6237 7663 5272 7919 2789
9691 7306 5050 7027 9931 8546 8020 7036 6092 152 8879 1430 1673 4376 5528 8286 1564 9265 6129 2023 5945 1409 4936 2790 1264 2050 2289 9889 1570 6189 5272 8610 894 5053 3536 209 6045 940 5777 6907 1582 7824 7543 1731 4322 3541 4421 4607 8216 857 1901 3226 2695 8380 2904 8551 6096 4970 9974 5331 596 103 9356 7332 7602 1243 2464 3791 6009 9271 9974 8621 5228 7123 5486 9731 4365 6733 7356 6246 2057 5527 5784 8130 6537 9652 570 1372 2856 9775 6860 5987 9260 2626 8389 9707 7690 8109 7345 3876
5238 548 6693 5805 5196 2856 314 863 5097 8022 5431 5605 4236 5526 4791 1405 4129 6101 190 1077 3787 1596 4666 1491 307 6324 8453 7905 5759 1086 2418 6936 7724 9925 2348 3287 6233 6253 5148 9560 9426 693 8188 296 9992 9345 3719 4256 206 1324 7816 9322 2572 6016 5931 5776 9051 7190 6644 1904 9566 9901 2607 8449 2699 7782 1833 3057 2737 4537 5482 3431 4539 5693 8360 6151 4073 2113 2839 4575 2035 985 5847 8904 571 1786 3352 1380 2422 7601 4882 2902 8247 1470 5668 7239 6295 1514 9291 4735
9081 7803 1932 731 5151 2581 6070 7274 7256 2600 7762 7709 569 4579 7983 2208 2137 4934 2185 2710 8408 9932 1684 2197 5196 8178 6270 8493 9947 9547 8550 7936 953 5884 9867 1767 4710 6122 5559 6502 9476 3811 1399 7674 5273 1984 6467 7536 5598 6891 7523 7542 2617 6675 905 7459 2006 6666 4936 6386 9887 3612 2588 6221 4246 3287 4216 1029 8198 8901 1773 1416 2395 3980 7156 3266 5951 4159 7715 9413 3397 4981 1312 4644 7259 8857 3910 2124 2782 2046 9377 1966 6169 8771 3163 6906 6962 6740 7904 2595
7905 5413 5754 824 5843 9028 8349 8592 4072 5244 1269 2454 3657 4529 5154 156 2267 52 1482 6959 7325 7186 9593 6918 7519 8663 6993 8937 6844 7282 9681 7658 4427 7683 4639 9609 829 6326 6413 3534 9393 1406 6276 3473 3696 7342 4501 2801 7934 450 4064 3022 5320 3521 9813 6267 5494 3258 5498 3346 9406 8755 4185 9593 1123 7324 8026 7940 3528 1656 2491 3911 397 9197 8587 388 1889 4100 6203 7898 8 6177 331 5232 5516 2417 5421 9459 4451 6035 2090 9971 3987 3136 1159 3542 187 6145 2944 4565
6323 2854 2169 7888 704 9819 668 9009 4630 2842 8319 4413 7033 3683 3476 9627 9300 3155 5278 948 7916 5428 6531 6795 5714 4655 7321 2154 3248 4258 1195 7364 7773 9349 6443 190 3716 1717 4920 1890 3547 525 3351 5274 1487 3361 817 822 4212 3286 1997 3560 6649 648 1544 6354 8100 9756 7066 5581 9913 8576 2743 947 3027 2479 487 7888 3058 5834 7858 8461 8805 9671 6925 6170 5598 8208 9676 2231 3598 8610 9230 7621 2683 400 8075 1233 5132 1173 5579 6310 1372 8690 6159 1429 1909 324 3766 3032
1835 6904 2333 6698 6947 1155 8926 4753 372 6392 3624 113 995 6454 2796 4903 7398 8746 5697 1677 2911 2556 9176 6361 7315 335 2390 8847 2794 6630 8155 5122 1229 4005 2223 2596 6957 1109 7330 2548 8566 8570 3435 2804 7342 5730 9657 136 1812 4785 8653 6477 1714 8467 7274 208 7994 6658 9934 5166 3636 9547 2909 4334 440 372 3967 1201 1322 4971 2021 4561 3956 1044 5457 194 5498 3473 7930 2923 6245 6322 6314 8969 5931 5173 5546 5110 6071 3346 4917 14 6955 2712 2550 4716 7590 1347 4177 421
1461 4961 6500 8945 2350 6838 6048 1096 5415 4461 6536 6439 5756 9850 200 4427 1978 2801 6052 9402 8224 2377 7792 3682 4257 1577 5894 6612 8110 1391 2114 1537 8720 3420 7016 4058 9700 2204 5900 6750 6784 5967 5297 327 1769 9485 5378 1466 7883 3976 1737 6721 6539 5051 4344 2282 6425 6938 1889 9284 7596 6673 7640 3715 810 6664 6318 6138 6963 9764 6014 2445 1068 7809 3210 4989 8108 3341 6857 6703 4158 7671 6197 6291 3850 4110 8712 2956 1542 3245 6638 8098 4587 4970 7607 196 4479 9928 2889 8157
2299 6463 4082 8750 4929 3262 4789 4669 703 6177 8568 7357 7455 6237 5951 3105 7588 7271 9231 9464 649 7835 507 1857 2394 5203 866 3732 8029 2856 6243 5744 474 4167 7834 1514 8955 5785 3818 1526 3418 757 8649 5799 6463 974 8253 635 51 4206 6573 6119 4579 6012 5108 2116 6293 7670 4561 4911 9353 3943 1479 8507 2944 5027 9374 9387 6369 5113 2012 5540 4416 3313 4306 7348 3062 5385 3595 7610 4925 4092 8426 2023 9028 1281 3961 3125 6035 3264 3589 9728 3674 7384 7592 952 6792 7397 6536 356
5588 2396 2887 8386 1525 8002 2141 4719 6957 6820 8648 883 8758 1380 509 3146 617 1676 9352 3967 2752 3248 7208 1586 6523 3216 3500 4625 1051 8738 1184 224 1070 1168 7461 7499 3326 3108 9284 5241 85 6130 2892 2777 3590 4005 8888 4574 6195 2709 3416 3735 3646 1146 4533 177 4764 9850 4532 9549 3060 7387 8363 8608 5859 8665 2944 910 7251 2339 6111 9307 7211 4513 6349 4923 3178 3430 4052 4908 342 4770 7575 1428 9381 3844 1758 2210 3110 5556 3980 794 4891 6229 8795 5469 503 121 2832 6404
50 6856 7859 3912 9866 7703 1807 2156 1211 9900 1003 4421 8378 1046 8226 7566 6967 9349 8708 8805 6037 4093 9336 1624 9690 9240 2327 4536 5673 9276 5789 7498 3917 5660 6048 3812 1452 1380 8646 2685 3718 3033 187 5985 259 9367 5815 8089 1345 7075 7252 7740 5998 4890 4891 7267 7244 7998 1756 4410 9402 3407 9286 6867 2398 9707 6241 7641 7548 4083 8381 7394 3167 4619 7852 6584 1847 697 2202 2877 3125 8974 5021 5657 6186 3833 2895 3371 2767 6833 7295 3955 887 895 9527 4339 1088 4977 8095 8861
8585 1416 848 8218 6384 8417 2561 8500 3662 16 2962 3598 4502 6192 6724 4584 4513 9188 1052 9907 4571 5291 8710 978 9871 8404 7590 7897 5503 1358 2201 4349 3432 912 5893 274 3354 5183 2713 9184 9312 8991 5183 7074 1102 7705 2044 7435 479 9813 8932 5102 9382 3398 3166 7152 1788 3503 1194 6212 348 5858 8791 4898 247 7980 553 9588 3759 7887 867 4823 6517 134 9162 6205 6885 806 4600 7172 6451 7636 5 1905 6958 2657 7071 216 2390 5948 3009 9788 5551 4469 5453 9569 9054 567 7043 5125
3936 8430 7000 7756 3693 9828 8911 2991 4856 2178 3426 6608 3330 6033 3206 8652 5077 926 7349 4182 4906 7653 3887 9269 4873 9412 1437 3689 6397 1345 2017 4138 3415 2186 7507 9168 2884 1775 9356 2992 5510 9996 7696 6972 8820 9237 2113 3783 4257 7918 5815 1403 3839 9607 7093 3765 2318 5719 4214 2365 3243 8315 9462 162 5100 2703 2233 3066 7205 2877 871 7324 8086 3763 8775 6052 2846 2462 4024 5365 3764 9604 209 1517 7358 9598 4206 9066 2449 3886 2773 2783 17 2002 9923 8958 9928 948 2624 9013
4435 4310 2464 1578 5132 8456 4250 499 4229 3456 8536 4952 4498 9262 4016 6876 4652 6695 1891 8799 3123 5323 5923 6304 2767 424 5567 916 9177 5523 4239 2882 3763 8596 1283 8782 3820 3125 9382 5308 6652 3426 8773 7946 9929 4958 4917 7521 3384 2593 1991 1698 7927 8105 6390 347 4772 3766 510 814 9757 3696 2090 714 2651 602 9543 9953 4259 3457 6885 9577 2214 7423 8984 4048 7977 1288 1931 29 565 4556 8488 7845 8363 2777 610 5519 2186 936 3007 6456 4409 2708 6865 5971 1676 1115 6824 9570
3278 3444 9830 2433 693 4174 6770 7577 3742 810 8611 9512 9098 5583 4140 6519 7960 2750 3766 501 6570 825 1255 4215 4022 7225 7900 4512 871 7641 1004 1075 1633 391 5446 8671 8771 9765 1414 6713 5744 7812 7604 4750 8077 9250 597 7395 7908 3298 4327 8873 1783 9238 4313 7841 1928 6642 2011 6229 300 6780 5036 5031 2798 3101 268 7278 5152 3225 8325 4640 6678 6428 5812 8887 2702 8929 7392 4868 3496 6983 4998 3607 7343 9811 2847 3161 8053 36 3315 2359 3451 7380 7500 6795 9105 8706 4278 3731
7852 3969 572 961 541 7056 9995 4467 8154 3180 1071 7297 4311 8593 7761 4513 5538 2521 1056 5142 3827 2725 4248 2756 4114 462 5264 7328 9055 3352 9826 4920 1282 7787 7206 8090 8723 6659 8613 1589 6237 1323 7056 5266 617 4154 2699 8178 2366 8624 2917 6611 5595 4642 8312 6500 6382 8787 5744 2087 4596 6501 9694 8762 452 3928 8685 5339 2501 4480 7977 8510 2461 8347 6354 3622 7758 4489 8984 4448 7615 4412 9879 4686 3717 4570 1838 8731 9853 7282 9388 2525 1922 1317 3544 1538 6801 4320 7917 9351
1202 2093 4626 8587 9406 2494 3309 5526 6765 1736 713 6023 8768 2476 2743 8466 8405 2398 7339 127 4584 843 3129 2635 2879 640 6374 6561 4838 1257 9503 3187 9621 310 6106 729 2890 6419 5147 2461 8031 3147 6701 9073 7211 6487 1390 3674 6423 5501 4194 8784 3585 5961 9436 7420 7974 2655 8907 3024 1415 4531 1596 5703 5437 7576 3706 4896 7483 2406 245 9557 3136 9473 541 4146 2778 6458 8873 3831 582 3371 984 5274 4664 8787 7583 5917 9163 9207 1959 9509 6126 4676 8532 6764 6490 1013 5850 6119
3390 8660 701 9331 2792 9156 5648 7065 7305 8104 3948 2421 8106 5368 4914 6544 8117 7903 691 8676 6912 9209 3538 9277 4826 1659 5220 3468 6 4311 3891 9428 9764 9590 63 2180 1107 8924 5899 5739 3718 5268 857 4370 5877 9839 9395 7016 7399 8780 6559 7989 8555 1038 1952 870 4004 4602 3063 4572 7605 5899 6230 4627 9945 5538 645 6297 4489 4148 8280 3299 100 2684 8132 9084 8306 542 904 8835 3958 1097 5670 7972 9447 8603 8062 116 1267 6070 6033 482 4760 1645 1029 9909 8064 5579 5964 7779
6399 5418 4341 8120 4070 2230 3452 7889 2399 47 3461 1964 6495 9813 6719 5190 7973 1430 6038 229 6264 6624 1858 4887 7110 8135 9145 5929 6247 6079 3626 3633 8874 6467 9538 3456 7439 4586 7393 1371 5471 2268 4688 5088 1354 4340 6230 9334 7629 998 6652 9333 3982 6771 5228 2997 8242 9659 8179 7804 3856 3093 8094 8830 9593 6913 5443 977 8468 9825 8330 9912 8498 7324 2315 4960 4561 5666 6233 4521 4200 9150 1747 9050 1253 779 6306 7525 3942 8378 4865 9660 5330 7569 2037 9288 8932 9384 8444 3716
2357 3718 9621 8670 8222 9456 7276 8714 9264 5249 8731 3071 6980 4934 1037 6200 1168 6195 930 9980 8424 2401 2551 4595 8392 1249 4247 9771 8341 1670 3269 3892 4112 8599 8738 8323 924 7638 8388 3469 6192 493 7947 7325 8628 3107 9165 8711 3153 5250 3237 5668 2152 1395 841 886 9964 1192 3496 9651 8069 1493 8117 8993 82 6431 753 2815 642 8344 4595 5339 8075 8380 9105 8338 5004 5362 9195 5417 7196 4445 2661 8750 5830 6708 8731 3626 6103 1219 1207 938 7578 4094 1609 5407 2087 9633 7263 84
1230 8780 7693 8605 6714 2116 8544 2004 9873 8552 1647 9718 3078 8719 2695 5835 6586 8111 8014 5296 4266 553 1280 8706 7936 4303 8456 8605 2343 8072 9156 3136 3911 2283 3015 4635 3173 1333 1643 371 5345 3813 6531 169 5267 9422 9147 9055 99 3506 7554 1853 9855 5122 8954 8669 4972 9179 4253 112 2432 5076 3579 2001 7120 8552 3838 3001 56 1702 3416 1238 2895 2803 9955 2706 2256 8492 3570 2452 2800 880 311 3112 5303 3107 118 6447 9739 6866 9710 7370 3163 4737 6928 6513 367 7763 1333 2855
9673 284 489 3896 9759 3795 6081 7366 453 7347 5324 7233 9776 2146 6365 7987 5090 6547 430 1693 7727 1804 9023 4909 4524 3454 5207 5071 5872 8436 7752 5933 9820 1921 762 2087 3075 7478 9908 1109 81 2128 5868 8184 99 6066 9021 4771 1090 9607 1005 8459 5253 4928 1908 2759 5614 1148 5364 9866 9907 8853 8274 7092 1128 2696 9534 4247 9550 8265 728 7756 4632 7809 3705 9669 1644 5031 1681 5954 6999 8857 1947 546 2032 8791 1092 4872 5203 9965 3983 261 8913 6796 8107 1737 8441 3395 6392 1015
6963 7914 5576 7617 7381 3617 6931 4099 4313 2920 8043 4792 9964 248 9837 4883 7327 1100 4470 1690 4694 396 2337 7619 9352 1708 692 4607 957 7041 8506 927 767 5722 4238 6863 4460 1274 9705 2870 4328 6907 2056 6861 5101 3462 2126 2055 9325 3726 3973 4588 3954 386 8849 9850 2048 2960 2261 6922 8559 4700 5331 1021 5994 6295 5352 4776 3993 35 1467 6538 7032 218 5232 3650 8945 2822 8288 9696 3900 6127 578 3634 8993 2739 2625 292 1330 3585 1191 3772 8690 4031 2540 4926 1175 2762 3306 2045
6991 3429 1946 909 3434 5963 2700 4726 2380 2162 7760 1385 6719 1674 5157 354 282 6389 7386 2118 5040 1694 5954 468 3165 8593 8015 4748 407 9290 6648 7542 7742 101 381 2727 8261 9539 7679 909 5899 2165 3561 9132 1267 3172 6739 8792 4315 6414 5429 1483 6662 8948 4997 5156 2727 4376 2559 3132 4931 2968 1308 9695 6028 7378 5796 5210 4461 4296 6049 6889 8565 1755 5884 8195 5789 1900 9239 2397 235 4969 1038 4037 2695 1498 7901 3470 6209 4137 9716 7108 5108 9377 6046 3558 8922 9336 1506 1230
7216 7494 7828 8172 4028 7224 7445 7197 2326 2876 9483 6351 9317 5452 9837 1113 8216 5482 85 9932 3289 7505 6269 6510 7680 3996 7898 6862 6382 1237 2511 3102 997 3964 1458 7596 423 5870 6385 5481 6903 1625 5009 18 4390 2057 1679 7571 80 6204 9249 5616 6967 8438 6395 4016 4711 5388 2921 7403 9328 328 9644 4232 8196 7991 2788 3487 903 1552 8190 7390 7213 8875 367 9409 5336 1765 7503 5402 9341 2090 2269 6949 8794 776 422 5435 3549 3967 8285 1343 2171 5350 9507 4572 6550 951 6489 3328
3970 1626 1716 8251 8706 9900 3269 6112 8521 3393 3646 931 1014 7696 4454 6772 4543 7292 5873 1738 7766 5238 5446 6531 8511 4965 5966 5289 1331 7227 9208 4009 5244 1376 1754 5444 9912 5051 1099 3222 6042 2612 6790 6170 978 6925 9042 9502 3678 388 8954 9398 5813 1748 2675 2086 1883 6294 6872 6608 4227 9292 2031 3546 4510 3437 1019 8188 5517 857 6768 7586 9487 8770 6079 7160 4143 2069 4437 7075 4952 4182 400 1390 2729 7510 1834 2969 7955 8970 9952 7028 8463 4823 1628 4708 3638 9386 991 1887
1360 1256 8915 1669 55 1462 2309 7975 8489 9349 1829 1681 2181 8174 6959 9726 442 853 9117 1986 5617 7261 2008 275 2297 5764 6319 7528 997 3668 1908 6644 1093 3677 1575 1907 2842 5244 8737 6847 9287 6886 8351 1817 2315 1030 6782 3720 7421 949 7103 6833 9326 8154 3330 38 2414 5121 9171 4887 77 7238 2718 616 6225 2185 3730 5144 397 5819 8201 2346 412 3573 1753 3135 3019 7914 8554 4789 3750 1744 6752 2318 3534 3659 9875 244 5001 6335 2990 220 4704 5752 6638 6685 8530 7252 5250 6671
6926 7400 1037 4117 5441 7153 3248 5230 8623 7810 3452 1510 5994 6462 4066 3568 8262 6183 9216 522 789 6073 2096 6824 3267 7876 4332 3354 7305 654 2057 9733 9825 5308 6049 4805 5243 6076 2138 2764 7094 1876 5766 3145 968 3194 5782 8259 2840 9788 3396 6056 4257 7192 4987 8868 1946 6957 4888 9380 5130 3213 4738 9834 7107 1439 238 8140 3494 9261 6159 6021 8685 937 3437 7306 5640 9544 8858 1775 8699 2607 8555 5991 7485 2836 3595 9884 5548 2438 3857 7366 1545 3166 8094 1005 5995 9618 212 8341
7251 8020 517 2064 1510 5843 6359 6748 7754 7814 5750 5090 1209 7755 8686 8913 1452 1712 2900 6441 2411 1252 52 6126 9622 1487 2450 2388 7802 9616 5408 736 9812 8553 5165 8775 3261 9382 1232 4023 9255 4649 3048 6626 3455 1381 9339 5242 2369 481 8321 6933 5201 5556 3881 3693 8191 4419 9371 6450 8853 7049 2162 8178 9003 7675 7930 1020 8031 1394 7555 1654 4221 6928 8546 5115 5428 2928 5180 5473 5684 8991 3593 6842 1604 1067 4207 5256 3662 4390 4835 1120 3699 6568 5171 4010 2955 4682 3013 1853
2928 7631 6595 6420 9086 5976 5930 1818 3239 2746 7130 1157 2105 1893 9306 4897 3924 7589 2378 9882 9543 8464 2737 2239 3344 7164 3148 4312 2344 5735 7103 8696 3988 6473 4622 5745 3484 9684 3305 2507 9828 9461 2727 7155 4932 4112 952 6348 179 148 5125 1788 1762 4955 1878 3652 7221 9490 4372 8353 512 482 7766 9142 6933 3619 7131 442 9981 4570 1781 4439 9905 5167 5458 9899 8348 3381 2414 8365 3991 1442 8132 8191 9603 8409 7572 724 8458 6828 6083 8299 5627 9533 5337 8215 1965 4866 7756 8015
773 8747 2604 1076 8413 8270 344 7077 6278 6807 5909 9713 3668 1965 4138 7464 3073 1932 8261 421 3084 5183 6731 1205 3915 1053 5563 3840 6874 1034 4350 492 5578 6939 3725 7536 6738 7921 7145 2169 7952 7082 251 891 4971 7683 874 3433 9130 8592 7526 489 7423 5260 5264 736 4990 82 9344 1086 2084 4360 4147 3168 7901 3132 9480 6988 5586 2471 2464 9285 7368 3341 8417 7989 2398 6888 1151 46 2271 1300 592 2891 9041 8824 2269 97 5497 3029 1265 2551 82 2986 8219 5005 6380 2396 1654 8894
4512 2385 4758 9541 9982 9844 848 3392 4939 1551 9885 9928 2933 9957 1046 2660 900 1586 4442 7816 7082 4462 4403 1367 171 1324 3781 4406 5021 5122 7871 887 5015 8272 6773 6688 5378 2084 8235 5742 9992 24 487 4149 3349 6218 2303 2034 1326 9443 4258 9036 5185 3234 9027 6678 8411 7671 2954 348 1091 1917 8446 3885 4297 218 3177 6586 3159 9702 6224 4512 5530 4367 6391 5788 1806 1914 1933 3203 6757 6740 3480 9 5861 4436 1902 3842 9835 9195 5426 5637 7631 8883 6319 9247 7413 9 8720 7367
7409 2586 3457 8210 1000 7196 2655 4811 5858 9486 596 7214 6963 1516 9526 4875 1024 30 5688 4717 9273 7905 9328 1139 935 1909 6941 274 2077 9674 9043 8542 9580 9823 1604 333 8306 2612 638 7275 8951 438 6116 940 2340 8564 4990 5626 938 9442 8287 6111 9459 2436 6273 9729 8903 9087 8626 6718 7156 8395 273 9656 5173 7583 276 961 8433 9413 1493 3466 1389 3330 6836 9684 3671 9025 8578 2831 3482 5093 2259 6381 7041 4613 4219 6266 4170 3267 2280 6808 6703 4854 2110 3222 8434 6180 2904 1144
6530 9268 4994 6579 8934 9336 3729 324 6870 1084 1032 3599 17 158 2610 4355 8900 1816 5186 477 4744 1499 3572 2456 6696 210 8900 4861 276 6808 7130 8776 3081 9433 2599 1974 1079 9531 4357 2605 4326 2504 1840 7482 5179 7696 4803 4795 5044 1523 8464 5963 7242 8347 4217 6988 7109 449 5025 2692 7855 9702 8465 6288 6560 4435 318 6194 8075 9152 6680 423 4930 7407 9141 5399 3007 1294 2372 2520 9622 3850 5001 3956 7632 1369 1068 6807 9809 4007 6948 9025 6692 783 2360 2967 4604 3784 9372 8911
3287 8240 2901 9490 7640 3463 8251 1386 2248 7354 6986 4421 2027 9703 8704 5317 2459 6649 174 7309 1563 7027 6849 8230 177 559 1725 3949 5256 8316 1854 4568 5075 4213 3040 6056 838 6989 9429 1002 2547 6410 9250 4301 3646 1631 56 9224 6729 3963 6872 6404 2297 1918 219 6515 2925 5373 7822 4422 7544 5436 9970 4995 2329 3870 5232 2634 7042 1455 8313 6407 3291 9669 1787 2017 3965 8868 5844 4768 4248 2373 820 9199 8005 7742 466 5227 5353 5224 478 8657 1660 4622 4975 5953 1445 7562 8637 2654
2359 6278 4010 2343 6283 3430 6106 195 2964 2885 5676 5423 1313 6006 4168 595 3332 808 4240 237 5563 7759 8079 8032 1503 3505 4889 2883 3663 705 7045 7681 8870 6562 8890 5250 8445 6051 9801 3285 6545 7207 9312 3049 8672 5533 4696 1678 6374 6576 1109 9179 5342 8209 7665 8709 2977 549 3729 4001 6242 8967 9188 4823 1464 6917 3071 1186 9666 8162 6551 4127 3402 1988 3109 5703 5643 5543 1449 3664 303 6376 5994 1023 397 3052 1339 2649 5764 2474 6260 3755 9351 8619 3615 8131 8928 1986 735 1871
7071 2213 8464 7859 9848 515 2854 7767 3633 2419 2558 6559 8860 5272 6350 7137 8579 4926 6236 6260 9323 4173 3978 1601 9212 9712 9085 8058 8389 1144 493 3177 1567 4156 6804 4519 1194 5940 6767 5288 4181 298 4028 4351 8250 7838 2816 5613 7743 7504 628 5188 4803 1133 830 8515 9138 9511 4797 4739 5361 2077 3968 5977 4811 423 6681 6824 9439 7701 2710 1535 3246 268 5998 117 4583 5207 703 5972 3300 7339 669 1676 6472 4476 9550 3166 3415 6895 5514 8295 8573 2308 5017 5999 5159 3900 8604 5709
2383 9592 1135 2985 443 4099 2755 2311 8912 8346 1367 544 5536 1656 8187 4418 5660 2413 3837 1259 8806 2980 5285 6500 3589 6828 9521 1711 3790 543 4401 4396 321 2311 6769 8368 4567 9310 1958 5105 4135 6130 1864 2004 2023 1309 3693 6719 561 6598 3922 6256 3997 9587 1513 2462 10000 5842 3544 5229 3537 1637 2882 4290 631 5626 8762 1967 7087 7255 5737 633 8953 1415 7348 5083 2129 7628 4110 5451 3692 8228 216 4124 1371 4844 5975 700 9260 3441 1807 7498 3140 2777 3480 9229 3762 3605 5323 9130
5080 3962 5163 5359 6927 4450 3855 4785 2228 7779 2198 456 6010 7328 8820 1207 6282 6399 1709 1594 8131 7781 7998 1029 3335 6921 5253 5748 4601 5254 9605 2953 1317 4864 781 2928 9615 564 8422 1764 8515 6136 8125 4671 9424 9770 3478 9936 6585 3605 7369 4340 4614 4416 6199 5215 232 9486 8662 9574 4196 142 3575 8179 8993 2754 6319 4964 3867 3990 7353 5944 4476 5476 4790 5210 6562 3642 5428 3914 1762 8745 5357 5231 6728 6321 7187 2813 4675 818 6817 4211 4268 6386 8233 4741 3422 3888 8238 6309
9751 3870 732 2261 179 2080 5165 218 551 3593 9446 5900 1918 8871 3600 8259 2128 357 814 6662 2870 1669 5432 3716 9227 4892 548 4463 1282 8251 6222 5172 2165 4038 1529 4683 4412 4738 4237 1950 8264 9489 3738 1347 4326 2362 5379 5965 6284 9763 3049 9561 9240 596 1636 6088 7309 3935 873 5527 7743 36 8020 2447 7576 9896 6222 3329 3117 8792 2679 6032 1073 2770 4510 483 800 6406 5061 6569 2153 2797 8301 716 9921 6884 3300 5362 3644 3644 4423 5501 7702 9114 4207 3076 1394 4833 6838 4607
4252 3832 4168 8373 8875 2585 7843 564 4486 2977 7934 6825 3128 6653 3410 4234 102 8660 6503 2552 6540 4869 7618 5618 9180 6534 429 7771 1450 9959 2071 2919 6953 4106 7348 6326 5162 9607 4969 8007 5859 498 6376 917 5383 9162 321 6858 7474 8418 4393 742 3204 5293 3548 9994 1398 9328 7636 995 5537 3028 2758 7729 4749 6404 6560 8903 2095 6082 1388 2471 6283 2149 9569 8285 1774 1291 6073 1815 4398 2485 466 647 7190 9482 8282 5657 8779 7879 7819 1017 6836 4219 4163 4238 7223 8451 5777 894
1060 3710 438 9817 5097 4080 2356 6414 7855 1255 3471 6295 2176 4006 6948 5976 4227 102 1779 3477 8966 6142 2780 6289 9078 2012 8197 3251 758 2986 7770 9135 662 7771 2646 6768 4411 1820 5508 4015 4582 2542 4195 5017 4044 4368 570 3251 5914 4816 9489 5488 2476 9991 3729 6376 6493 4027 9143 2129 9118 7877 1082 8034 6127 2019 2190 448 6600 7512 427 3180 3194 6490 5081 5955 1449 8771 6433 4842 100 4720 1226 3390 1359 2237 701 5711 4514 5399 4437 3360 2098 7761 3332 9467 1895 7900 4942 3052
2915 9234 1125 792 5689 2443 9520 3559 1619 1207 5170 8647 4199 5603 7890 6966 3176 351 6677 4349 1544 4573 4946 4671 5748 7851 402 6094 2190 8959 4378 472 8405 8206 4964 5031 3040 4779 237 7607 4474 4034 9265 7131 3243 3043 4128 8430 6686 6527 6631 9134 6838 50 8039 1677 6087 731 1356 7832 8257 2071 5719 6666 5906 1893 3658 4562 7746 1939 3230 4767 3164 2465 8667 8241 1290 2609 2085 6017 1418 8732 4673 1570 3691 1118 8995 9337 7055 7085 1631 2931 8079 6223 7231 4350 9999 7474 2627 3019
1698 3362 3536 706 9393 6806 8065 3866 4786 8149 4911 5160 673 2573 5271 1972 1631 9241 2841 5952 5513 3403 9001 7181 5355 3572 8107 7205 6735 6242 615 9533 5495 1532 868 3007 3200 5974 7249 4162 5632 4179 3643 2033 541 3490 2787 9512 2039 964 4550 1354 445 8350 6999 1294 2763 8922 3368 4349 3721 6031 210 3464 9879 4887 2805 1028 9685 6514 561 467 8944 1726 5751 3223 1406 8181 8611 3755 1192 5638 4160 1414 7562 373 812 1822 3719 9657 4458 5610 9539 306 7847 5106 3530 8703 796 499
1008 2490 3698 8199 5897 8586 4669 425 2262 2908 9979 6508 9377 5608 3232 2796 5714 7912 5698 1671 5515 8647 1057 4155 6159 6962 3558 3690 3911 9938 1428 1390 7295 5274 1808 5900 6423 9356 3654 589 7129 7913 7579 6774 8477 4631 5834 5185 9278 6096 4120 3909 8256 8097 2444 5741 136 2356 7947 8773 1224 366 2404 9834 4408 4782 9153 6527 1795 805 6801 3497 5123 7209 5644 4669 8965 7636 3079 7362 8724 3705 4388 5465 1990 308 1146 9661 7100 8158 3229 3199 330 3829 7569 4032 8563 3710 5131 6926
2039 1804 7818 2329 869 4205 6535 5978 1810 7446 8673 5606 8312 2360 5222 3916 5177 949 2543 8977 4072 4750 2692 4112 4235 7869 6730 5427 1315 5493 3711 7210 2420 4474 9629 5066 2871 6241 1427 3012 3949 4004 1965 5823 9074 1254 6096 5796 44 7043 8068 3584 4819 853 4418 481 6034 7793 7907 393 563 7454 9834 3497 9709 2681 666 823 3833 9891 444 1689 3954 1172 9298 9084 9582 4736 6124 6131 1812 2948 1960 2174 9394 380 4795 603 1801 880 2903 5317 6283 5322 5324 7866 9607 9930 7398 7719
3147 3926 2336 7113 6599 8111 7284 2821 1151 7823 543 4812 7702 896 95 856 1543 5944 6076 8730 4721 7685 3445 4527 9930 1298 8735 717 2839 6867 2599 2050 1674 1646 22 4873 8705 4096 5800 5160 1542 6649 5223 8067 2083 1776 8217 9559 1721 2478 7704 2101 9568 4564 420 3744 4437 8579 3009 4607 5149 9229 2067 4425 3465 1985 5819 9131 4240 77 8448 405 9927 4295 1266 3899 6689 901 4844 5170 5790 4615 263 7913 9621 7047 2729 4677 3455 7127 3746 8415 8212 5421 1527 5353 9543 408 3578 2849
2641 8502 8773 7690 6831 1010 7791 3737 2822 6184 9393 6103 2215 2538 8291 2725 1582 5841 6602 4154 1251 1657 7866 4868 2877 7498 9735 765 9902 8578 4560 4500 2844 1761 2669 2456 9566 1781 4685 5506 3557 2445 8622 2299 8709 9542 4632 6596 4025 3086 1045 6502 4494 1959 5755 1816 9269 4511 7789 4427 2686 9590 1146 9137 411 3265 547 1693 7760 2178 7906 7169 1853 961 6494 980 5938 2364 2381 8656 6753 1072 8003 2727 7768 2735 1 4422 184 9048 3252 3894 8445 5983 8955 2373 4981 6345 693 4627
6832 5832 1929 977 7127 7351 9432 3567 3555 2544 9267 8827 2314 6927 8484 1114 6784 3563 7758 8401 6603 8736 6147 6020 6747 769 979 7968 7020 42 4716 8207 9615 4567 5828 5144 6837 4574 1912 2088 8954 3039 7161 4904 1016 8346 2427 6175 3906 2199 7845 7329 827 8364 9060 8866 5863 732 109 2518 3679 7374 9052 4085 8091 7366 5566 9967 9827 1836 6191 5956 2550 7000 4924 5646 464 5979 4750 4243 7912 7896 8930 8827 5615 6430 4912 5691 6935 817 2030 4168 9558 8343 6955 8927 2450 5812 4600 3929
464 2466 7648 5279 7018 38 5620 956 7792 5624 8412 2473 8293 1423 9664 2241 1129 7751 7232 872 8887 8119 9322 7914 2059 2182 8026 138 945 1807 9593 8183 7689 3135 8532 805 8593 9175 785 4009 2251 4640 6534 990 5306 2287 7019 6829 7186 1412 9220 9945 4926 8781 398 8428 949 1642 5505 3051 4362 1564 7499 1065 3487 7876 9771 8591 7535 7897 263 7023 2945 565 3827 6286 1273 765 9829 6545 1365 5800 4162 2929 225 3513 9800 6455 2310 2113 1375 1389 2856 6568 4412 8066 5733 9209 149 996
6172 4628 6345 6797 95 4324 7368 5096 7687 2239 2863 8928 8708 2616 6496 5635 6383 8377 7271 5820 1598 84 7487 2677 389 1243 9036 939 3532 1523 1182 1100 8834 8242 4947 5980 2963 1840 895 4965 2893 1006 2226 771 3730 2525 8751 7560 4196 9136 2156 109 2946 56 821 1101 1110 6450 5637 5352 7575 2948 2299 7128 4614 3326 8614 4021 5755 2474 3689 4213 5791 6724 9862 6413 7722 4997 6554 2914 6726 5781 4429 8007 9786 3929 5229 4594 1298 854 1291 5095 8464 8197 9385 6655 3803 5610 8461 7365
7284 4587 2019 7252 961 9231 1872 8458 9966 7990 3086 6421 3585 6069 6051 5503 9701 2468 3692 9577 7307 7175 3933 9284 6819 2104 5266 7774 1606 1500 4870 2403 5780 1416 4753 6713 8417 7701 1491 131 6533 2073 4832 8855 3681 2585 639 3477 5980 9559 5115 8227 25 1579 9315 4764 2584 4319 6526 9253 9367 2179 9258 802 8752 3373 8404 9238 4636 9601 6556 1092 2964 591 1329 2 648 3634 8288 7107 5172 4134 6494 6771 4770 8376 9802 2617 835 5836 1078 740 3081 2494 6344 4412 639 6410 756 5491
5239 2065 6534 8375 2689 861 95 290 191 8435 5268 9400 9784 9728 8622 8707 4107 235 4146 2999 8379 8716 3930 3199 5831 5572 2422 4502 3584 9424 3015 8599 3547 1505 5810 9306 1252 2301 5716 9234 8634 7490 1847 5321 5656 1616 5164 172 4646 6921 8131 50 7020 40 1853 5777 1652 5393 3679 9807 2971 658 6964 3273 4800 9023 800 47 5414 9217 4367 8197 5265 7411 1346 274 8122 9732 6833 2307 5187 189 2448 2265 7926 8396 537 6218 6247 5873 4619 6220 3832 2223 2722 4428 8020 672 6528 3618
1691 2691 7368 9750 8266 177 3947 124 8900 8940 9481 43 2609 6941 1548 692 7251 9981 5945 9920 6337 9001 6655 5811 7400 6058 9932 5900 9421 8566 8603 5292 7595 6972 4822 424 5970 8961 4261 3126 962 2015 6475 4981 243 8194 4810 7716 5127 1434 8605 4696 7338 5304 5189 5310 384 4316 4142 2379 6380 7527 498 6280 5658 3092 7894 7196 4458 2307 1358 5444 1526 7083 5861 5420 1318 7750 3496 5946 654 1760 9397 9329 6101 4220 9458 6954 7706 2069 2620 2011 9970 1157 6585 6604 9169 9596 2695 3267
3512 8054 1559 5670 2478 3364 7811 91 8187 8918 5416 3909 9595 6417 9467 738 7084 3256 5731 1426 5728 5112 1392 7968 9547 911 7964 4476 6245 1250 9046 5652 3080 1809 8766 2609 605 422 9268 4110 6562 8154 6263 3155 9726 3027 5578 2069 2569 3454 1661 4723 3413 8089 2999 8555 7110 1969 3955 431 4523 6000 2899 1203 3152 8519 94 7822 3742 473 6826 1521 2848 1226 6286 2105 4009 4451 251 9258 9411 495 3368 4296 3797 7766 4866 4731 3622 4579 2862 6354 8903 6016 6150 8153 6299 5107 4357 7055
6636 1550 118 8005 2220 9363 9457 8727 7156 7148 4711 1068 351 9036 4563 7511 3722 8942 8735 6733 6310 8488 5671 4269 5291 4660 158 7602 8835 2918 2399 8063 2537 5408 9734 9610 7090 7234 3354 6489 3458 2218 6926 2099 5913 9527 5181 5464 8050 6258 8497 7541 6792 714 6682 7347 3806 9532 9385 6434 6191 29 9787 7847 1800 5546 5478 7667 9784 7825 1754 7775 7018 3309 4185 3495 1029 6005 8700 472 407 1790 1375 2489 1059 7207 129 6184 3852 7016 8895 7409 2927 9418 1034 4275 6584 6425 3500 2171
6358 5552 8076 1172 3397 6579 5077 57 118 6618 2332 7777 232 1374 5413 8341 1295 6444 295 5276 372 1341 6479 2354 2773 5371 7711 7643 3626 7932 9597 1270 4690 799 5377 2534 4370 7602 9429 7230 9096 3527 6390 9355 4283 5472 4641 3981 5218 5148 7959 8162 8553 8737 6398 6279 8558 2382 1838 3053 9071 5904 8198 1902 1642 2208 5869 5789 8297 82 1294 5229 5573 8891 915 249 9949 4047 96 6233 4167 9676 9897 8146 2884 1732 1973 5060 4904 9466 8098 9146 6689 2917 5546 306 2416 8665 6634 5730
716 1452 5087 6560 933 539 5989 5857 2179 7332 4292 1920 5102 8394 8276 6528 1391 8936 9637 9065 5863 516 2785 9643 9638 4789 5324 6246 4544 18 6018 5375 3591 3716 9404 9757 2580 6467 9930 2940 6577 2891 1388 6976 5071 9997 3226 8768 2013 7292 8896 4545 4170 3144 1382 7412 5394 5898 762 5958 2951 3030 106 2164 6727 7804 2693 4535 2492 2714 3450 7751 1059 6463 9818 9448 8234 5176 2924 2473 7442 2413 3278 1684 1213 6318 3232 786 375 1554 4725 9598 5164 9263 994 8307 5859 3134 8869 8747
7030 9263 1356 297 2168 2754 5671 1273 998 970 289 6970 262 453 3564 4879 5198 1483 4012 7637 6164 61 9626 2470 7945 5740 8688 3817 2307 9100 6808 4054 6097 702 2839 7953 7549 5516 5528 7486 8461 7040 2811 9521 1990 6449 5772 7006 2834 6602 5753 789 4632 7891 6333 6519 3981 8374 4436 4598 631 8274 7267 3265 7668 8802 2171 9936 3177 3521 947 2145 6874 3509 8969 9029 4605 809 9716 1307 9457 5315 4862 8500 3724 3019 3587 243 2497 7274 8798 7892 5129 2028 6018 8696 8205 7447 7809 462
5234 5554 2373 6887 4766 9318 5592 7978 5935 6773 765 515 2909 58 7547 2835 7832 3923 769 6651 22 1753 5414 1746 4599 770 4481 7415 7137 9311 9715 9878 1434 4911 284 2603 1108 9007 5806 5660 6803 6390 5345 5962 3588 4824 4915 8850 6182 8289 448 3943 5043 7372 5608 1549 6354 8290 6324 336 107 8359 1378 2108 2954 1056 6893 446 658 8266 946 4883 910 4991 8944 6636 1536 1726 9190 1255 4776 341 6317 6374 7868 9124 9008 1872 8782 4731 1871 4233 4442 7188 5680 4521 9969 9577 1303 7188
3917 5205 1471 4474 6598 7102 5889 2483 9789 7767 3089 3891 4653 9508 1010 5793 7194 8292 50 2132 8204 3921 1729 6170 9341 1002 3468 885 1590 1511 7114 4830 3065 8290 7708 158 547 59 2400 4721 1090 6116 4173 9982 1444 1041 8475 8612 9419 8497 7161 8358 8809 852 9460 5538 4845 4320 1398 6434 3230 3719 153 9392 5288 5590 9459 8553 605 2553 8613 6355 3659 5088 8804 8612 9432 6571 9924 4490 8557 3749 3955 7438 9002 3831 2836 8677 6903 8544 8321 8168 9075 9152 7936 2138 9857 6949 4070 9158
