1000 1000
1 2
1 3
3 4
3 5
2 6
5 7
3 8
3 9
9 10
7 11
2 12
7 13
6 14
12 15
6 16
15 17
3 18
18 19
2 20
10 21
14 22
19 23
1 24
14 25
18 26
16 27
15 28
12 29
29 30
9 31
16 32
15 33
16 34
31 35
31 36
26 37
28 38
20 39
32 40
6 41
10 42
5 43
2 44
24 45
38 46
20 47
7 48
11 49
7 50
49 51
41 52
14 53
47 54
20 55
42 56
41 57
8 58
50 59
26 60
20 61
35 62
11 63
13 64
47 65
49 66
30 67
56 68
28 69
45 70
5 71
39 72
42 73
72 74
16 75
45 76
60 77
30 78
65 79
56 80
58 81
11 82
3 83
28 84
45 85
78 86
67 87
87 88
48 89
2 90
17 91
56 92
54 93
27 94
92 95
94 96
71 97
59 98
13 99
13 100
7 101
85 102
53 103
101 104
48 105
87 106
9 107
87 108
10 109
74 110
8 111
20 112
83 113
25 114
89 115
9 116
69 117
24 118
62 119
53 120
45 121
43 122
32 123
110 124
50 125
54 126
109 127
86 128
29 129
60 130
73 131
83 132
9 133
15 134
125 135
56 136
78 137
69 138
44 139
22 140
42 141
53 142
93 143
73 144
128 145
55 146
116 147
54 148
141 149
97 150
21 151
146 152
79 153
81 154
40 155
116 156
71 157
132 158
87 159
142 160
26 161
33 162
145 163
2 164
156 165
142 166
81 167
68 168
158 169
46 170
166 171
72 172
140 173
33 174
1 175
26 176
88 177
4 178
101 179
66 180
168 181
37 182
63 183
13 184
54 185
50 186
72 187
179 188
111 189
42 190
91 191
53 192
39 193
188 194
19 195
161 196
123 197
192 198
159 199
144 200
30 201
98 202
201 203
43 204
144 205
38 206
30 207
9 208
83 209
182 210
23 211
178 212
180 213
65 214
130 215
167 216
106 217
211 218
119 219
72 220
9 221
45 222
46 223
66 224
10 225
83 226
2 227
103 228
153 229
101 230
141 231
96 232
184 233
21 234
67 235
138 236
182 237
144 238
47 239
30 240
25 241
95 242
59 243
146 244
20 245
47 246
163 247
147 248
243 249
183 250
60 251
146 252
197 253
104 254
154 255
30 256
141 257
202 258
156 259
188 260
152 261
81 262
93 263
218 264
250 265
265 266
192 267
245 268
66 269
144 270
187 271
185 272
115 273
178 274
126 275
16 276
132 277
248 278
58 279
8 280
250 281
232 282
223 283
150 284
187 285
95 286
130 287
141 288
183 289
21 290
203 291
145 292
127 293
240 294
232 295
277 296
286 297
270 298
116 299
162 300
4 301
2 302
155 303
161 304
279 305
32 306
217 307
8 308
283 309
223 310
301 311
3 312
245 313
180 314
43 315
288 316
164 317
15 318
166 319
271 320
272 321
147 322
42 323
146 324
270 325
323 326
67 327
169 328
283 329
169 330
50 331
5 332
24 333
282 334
122 335
73 336
142 337
110 338
42 339
329 340
63 341
95 342
195 343
299 344
221 345
2 346
7 347
78 348
266 349
192 350
318 351
324 352
287 353
76 354
312 355
343 356
349 357
50 358
90 359
114 360
297 361
148 362
249 363
270 364
274 365
352 366
198 367
302 368
352 369
85 370
64 371
265 372
140 373
20 374
363 375
68 376
2 377
323 378
302 379
25 380
142 381
75 382
341 383
179 384
110 385
123 386
125 387
196 388
276 389
322 390
10 391
136 392
360 393
301 394
22 395
387 396
391 397
339 398
110 399
124 400
134 401
39 402
287 403
164 404
12 405
33 406
121 407
97 408
213 409
350 410
383 411
178 412
153 413
339 414
402 415
197 416
196 417
386 418
347 419
96 420
147 421
267 422
309 423
266 424
103 425
118 426
135 427
75 428
73 429
149 430
34 431
371 432
246 433
143 434
67 435
17 436
104 437
288 438
119 439
23 440
116 441
51 442
373 443
121 444
105 445
106 446
233 447
237 448
233 449
301 450
431 451
286 452
194 453
132 454
49 455
356 456
272 457
408 458
79 459
89 460
362 461
87 462
38 463
87 464
202 465
158 466
370 467
147 468
464 469
375 470
300 471
33 472
129 473
204 474
15 475
420 476
64 477
123 478
326 479
372 480
293 481
69 482
459 483
148 484
470 485
281 486
212 487
177 488
67 489
27 490
149 491
343 492
84 493
226 494
259 495
244 496
216 497
331 498
6 499
159 500
420 501
172 502
180 503
46 504
322 505
34 506
31 507
457 508
268 509
487 510
254 511
17 512
448 513
158 514
14 515
512 516
137 517
72 518
312 519
72 520
94 521
89 522
466 523
183 524
217 525
304 526
220 527
501 528
106 529
523 530
142 531
56 532
501 533
180 534
66 535
30 536
441 537
208 538
370 539
471 540
179 541
423 542
359 543
369 544
515 545
466 546
41 547
29 548
4 549
316 550
544 551
476 552
58 553
101 554
189 555
259 556
59 557
197 558
296 559
531 560
103 561
367 562
451 563
537 564
389 565
379 566
223 567
480 568
349 569
294 570
62 571
554 572
455 573
451 574
112 575
543 576
116 577
456 578
207 579
124 580
32 581
501 582
522 583
582 584
423 585
122 586
145 587
19 588
80 589
41 590
98 591
484 592
183 593
347 594
136 595
100 596
498 597
433 598
254 599
4 600
390 601
109 602
7 603
288 604
302 605
332 606
603 607
606 608
604 609
225 610
409 611
590 612
471 613
512 614
265 615
406 616
198 617
586 618
387 619
403 620
483 621
615 622
496 623
287 624
33 625
164 626
47 627
72 628
590 629
48 630
76 631
21 632
164 633
79 634
8 635
74 636
47 637
120 638
574 639
258 640
132 641
270 642
322 643
342 644
251 645
449 646
310 647
228 648
181 649
559 650
173 651
161 652
420 653
134 654
474 655
451 656
495 657
190 658
109 659
365 660
291 661
626 662
422 663
165 664
222 665
153 666
114 667
426 668
398 669
267 670
93 671
628 672
114 673
239 674
223 675
227 676
659 677
199 678
191 679
630 680
101 681
413 682
568 683
447 684
671 685
608 686
161 687
343 688
552 689
363 690
321 691
688 692
75 693
616 694
49 695
118 696
166 697
531 698
213 699
429 700
163 701
472 702
278 703
384 704
303 705
12 706
674 707
249 708
450 709
591 710
486 711
406 712
343 713
458 714
331 715
381 716
51 717
9 718
647 719
267 720
308 721
403 722
90 723
354 724
220 725
549 726
363 727
264 728
588 729
148 730
261 731
451 732
234 733
368 734
730 735
128 736
452 737
39 738
210 739
335 740
242 741
465 742
516 743
372 744
361 745
489 746
183 747
542 748
390 749
330 750
399 751
20 752
587 753
435 754
331 755
173 756
745 757
415 758
215 759
658 760
518 761
700 762
749 763
443 764
231 765
607 766
422 767
331 768
440 769
22 770
273 771
197 772
702 773
237 774
562 775
199 776
253 777
541 778
249 779
50 780
236 781
471 782
404 783
100 784
86 785
110 786
495 787
778 788
306 789
561 790
508 791
560 792
549 793
262 794
95 795
433 796
514 797
560 798
508 799
405 800
18 801
512 802
41 803
413 804
418 805
62 806
362 807
419 808
666 809
443 810
340 811
179 812
647 813
289 814
328 815
746 816
603 817
375 818
143 819
491 820
539 821
415 822
233 823
511 824
585 825
656 826
362 827
624 828
15 829
515 830
825 831
146 832
732 833
514 834
589 835
38 836
502 837
679 838
64 839
279 840
680 841
268 842
347 843
153 844
664 845
659 846
451 847
747 848
147 849
340 850
651 851
826 852
132 853
248 854
365 855
63 856
402 857
680 858
32 859
647 860
690 861
828 862
49 863
59 864
829 865
42 866
214 867
259 868
630 869
251 870
373 871
652 872
46 873
514 874
127 875
79 876
711 877
430 878
766 879
26 880
246 881
204 882
18 883
72 884
421 885
270 886
493 887
319 888
33 889
153 890
493 891
133 892
328 893
6 894
572 895
192 896
93 897
359 898
214 899
72 900
114 901
4 902
313 903
65 904
6 905
444 906
621 907
658 908
781 909
803 910
125 911
596 912
445 913
104 914
219 915
189 916
346 917
229 918
494 919
848 920
868 921
602 922
124 923
140 924
539 925
642 926
459 927
400 928
196 929
4 930
603 931
721 932
458 933
237 934
781 935
31 936
879 937
698 938
523 939
88 940
892 941
56 942
93 943
668 944
110 945
551 946
495 947
944 948
255 949
705 950
214 951
829 952
165 953
610 954
566 955
417 956
532 957
648 958
503 959
373 960
442 961
6 962
594 963
43 964
790 965
305 966
752 967
145 968
289 969
541 970
354 971
215 972
709 973
964 974
929 975
390 976
339 977
785 978
803 979
220 980
136 981
358 982
816 983
285 984
610 985
934 986
31 987
957 988
320 989
406 990
718 991
894 992
679 993
50 994
533 995
172 996
22 997
786 998
741 999
15 1000
2 710 591
1 85 23996 18939
2 154 255
2 97 408
1 68 24221 27805
2 569 349
1 808 24277 11935
1 96 17373 31290
1 59 6971 32731
2 332 5
1 479 15690 1451
2 317 164
1 316 10515 23231
2 931 603
1 847 32259 5577
1 242 22541 5350
1 642 24176 30155
2 972 215
2 687 161
2 22 770
1 237 2627 3112
2 485 470
2 143 434
1 914 9971 2087
1 329 30283 21163
2 613 471
2 403 722
1 7 29124 30783
2 898 359
1 317 382 2052
2 126 275
2 76 354
2 235 67
2 922 602
2 733 234
2 259 156
2 168 181
2 841 680
1 967 9512 27944
2 648 958
1 839 22065 28415
1 514 25556 6830
2 549 4
2 268 509
2 768 331
1 161 3816 15313
1 961 23325 28380
2 484 592
2 699 213
2 278 248
1 448 21673 21063
2 782 471
1 31 29774 21692
2 162 33
1 593 18557 31858
1 196 13203 30355
1 778 730 23677
1 29 22490 13668
2 457 272
1 595 4701 5524
1 559 7755 201
2 486 281
1 654 3976 18576
2 350 410
2 99 13
2 549 793
2 95 242
2 678 199
1 818 22594 30260
2 900 72
1 419 22553 14719
2 759 215
2 62 119
2 131 73
2 334 282
1 285 28259 8191
1 397 16878 30293
1 95 13411 26083
2 279 840
1 552 23900 30582
2 848 747
1 806 27378 32550
2 666 153
2 79 876
2 410 350
1 749 20233 30769
2 345 221
1 57 18752 13004
1 46 344 3910
2 117 69
2 187 72
2 22 395
2 704 384
2 404 783
1 506 6127 31182
1 516 12760 31551
2 34 16
2 153 890
2 821 539
2 115 273
1 624 25127 22649
2 722 403
1 668 9981 22614
2 185 272
1 644 11075 32245
2 176 26
2 422 267
1 692 32052 30528
1 646 4408 22071
1 847 26208 6154
1 259 27246 30974
1 907 32690 5300
2 343 492
2 832 146
2 212 487
1 612 21374 22378
2 728 264
1 185 14109 22429
1 561 25369 29531
1 612 19585 807
2 38 28
1 956 28000 11695
2 516 743
2 252 146
2 655 474
2 132 277
1 598 5386 5185
1 36 12109 21466
1 480 14477 11831
1 74 13741 20089
1 313 20259 1557
1 149 16903 18833
2 339 42
2 954 610
2 44 2
2 960 373
2 631 76
2 850 340
1 549 30838 25048
1 901 4626 7186
1 655 18889 412
2 470 485
1 52 18110 996
2 349 357
1 227 28572 23655
2 580 124
2 72 220
2 237 774
1 609 28554 13278
1 357 3277 27950
1 676 24135 22109
2 211 218
1 881 14995 14657
1 43 29446 23929
1 627 2466 15777
1 168 3780 31086
2 978 785
2 331 715
2 709 973
2 740 335
2 222 45
2 65 47
1 933 15984 3795
1 874 18780 25332
2 43 5
2 218 264
2 988 957
2 577 116
1 865 21353 8292
1 206 29951 23708
2 264 218
2 240 30
1 661 15458 30403
2 374 20
1 389 3359 18937
2 147 849
2 472 33
2 888 319
2 987 31
1 49 20017 4331
2 598 433
1 552 30760 479
2 819 143
1 205 6866 6551
1 238 23153 12057
2 920 848
1 682 25436 707
1 367 24364 18087
2 325 270
2 240 294
1 743 22968 10666
2 890 153
1 283 19118 1409
1 756 12911 8578
2 416 197
2 600 4
1 503 26529 12303
2 53 120
2 634 79
1 31 4428 8949
1 969 1545 28371
1 420 6866 13777
2 73 336
2 364 270
1 805 6011 12240
2 208 9
2 201 203
1 772 25550 26710
1 792 20159 7239
2 548 29
2 386 123
2 537 564
1 96 1298 8089
2 497 216
1 465 22703 9399
2 176 26
2 898 359
2 128 86
2 33 162
1 788 21796 16875
2 893 328
1 157 4009 21970
1 290 10248 32681
1 1000 23179 20591
2 146 832
1 464 17609 21606
2 835 589
2 457 508
2 642 926
2 323 42
2 213 409
1 109 21073 23359
2 419 347
1 775 2250 8335
1 843 27645 18492
1 980 17271 32166
2 79 876
1 684 14246 8860
1 906 5929 24789
1 883 31024 32058
1 40 21752 11240
1 384 204 5320
1 866 15134 2137
1 380 18902 29104
1 963 9194 10685
2 924 140
1 334 30891 11375
2 797 514
1 289 26753 19733
2 679 191
1 443 31602 6592
1 664 3562 24685
1 972 29302 7284
1 646 9328 2645
1 350 1714 15635
2 55 146
2 436 17
2 663 422
1 584 6850 283
2 287 130
2 584 582
1 458 22581 28113
1 510 6690 16737
1 14 8314 31819
2 83 226
1 34 15121 26535
1 337 5977 14341
2 276 389
2 567 223
2 919 494
1 795 18914 32713
2 856 63
1 219 3209 4492
2 28 15
1 597 1939 10849
1 379 1127 18394
1 745 5991 24737
1 27 29162 512
1 870 8974 2283
2 439 119
1 925 4127 653
2 443 764
1 345 16815 25460
1 827 11538 15086
1 245 31226 10722
1 680 26190 2410
1 604 6201 23256
1 266 18302 7090
1 145 4363 6907
1 455 10448 13236
1 315 24017 4259
2 1 3
1 832 765 6963
2 696 118
1 460 1071 5686
2 982 358
2 309 283
2 18 801
2 153 666
1 43 28060 3671
2 939 523
1 842 14833 22834
1 217 27641 16934
1 477 30010 15842
2 557 59
1 628 29480 13936
1 682 20017 23639
1 674 843 27938
2 125 135
2 341 383
2 417 956
2 532 957
1 104 30223 11123
2 388 196
2 99 13
2 835 589
1 624 9190 6762
2 984 285
2 740 335
2 353 287
1 769 19363 8003
1 329 25918 9506
1 559 13556 12367
1 419 17262 22818
2 68 376
1 129 26475 32198
1 219 7724 21063
1 341 25587 27645
2 632 21
1 698 12470 3821
1 176 31920 23471
2 896 192
1 92 22979 13310
1 762 18971 21977
1 790 16327 2948
2 703 278
2 211 23
1 431 14151 9028
1 759 25699 24729
2 974 964
1 223 4852 3246
2 387 125
2 125 135
1 506 26164 9880
2 956 417
1 54 21756 23833
2 141 257
1 28 21203 29091
1 52 28246 13272
1 948 30310 1167
2 305 966
2 793 549
1 810 6167 20969
2 695 49
2 650 559
1 125 6826 13849
1 614 23621 17206
1 729 18928 28409
1 23 3431 28675
1 503 32508 8746
1 105 2351 11201
1 299 27264 2073
1 653 18817 6983
1 648 20271 13096
2 60 77
1 735 27618 10307
2 677 659
2 412 178
1 568 32501 24944
2 611 409
1 615 5647 1722
1 767 163 26553
1 39 30284 19121
1 142 10677 26994
1 913 7928 6782
1 237 29364 19401
1 486 5984 6845
2 271 320
1 935 7859 22099
1 885 30083 29239
2 917 346
2 83 113
2 220 980
1 612 18358 15602
1 417 14672 4906
1 256 12251 30091
2 910 803
1 526 12247 18166
1 177 22321 24165
2 234 21
2 838 679
2 543 576
2 381 716
1 52 20027 9243
2 26 880
1 870 31724 1468
1 555 8826 4965
1 179 15872 15625
1 305 23766 3564
1 402 8064 21459
1 70 23008 2922
2 355 312
1 845 13458 17177
2 67 327
2 643 322
2 748 542
2 202 465
2 538 208
2 630 48
2 899 214
2 463 38
1 939 1904 28982
2 117 69
2 878 430
1 972 9713 3011
2 266 349
1 200 7378 7766
1 672 1634 27802
1 503 30002 18594
1 322 29351 7818
1 241 30265 10556
1 723 16166 13643
2 206 38
1 281 17305 11493
1 774 301 2535
1 314 30476 15819
2 447 684
1 754 29107 21279
2 262 81
1 25 21373 12344
2 150 97
1 718 27341 32101
2 243 249
2 180 534
1 610 2005 15872
1 428 24520 26450
2 503 180
2 146 152
1 484 18752 812
2 742 465
2 559 296
1 578 29040 8570
2 917 346
2 750 330
1 652 15595 3041
1 301 21504 11504
2 576 543
1 374 2199 14612
2 438 288
2 443 373
2 157 71
2 816 983
2 192 53
2 341 383
1 25 10009 30522
1 111 5612 32064
2 225 10
1 853 21759 25587
1 169 29607 16884
1 430 14682 14741
1 820 30726 16731
1 683 27261 28194
1 182 28454 4868
2 823 233
2 488 177
2 171 166
2 24 118
1 521 20923 17123
2 36 31
2 202 258
1 247 19555 22173
2 64 839
2 730 148
2 982 358
2 668 426
1 383 22420 12267
2 161 652
2 666 153
2 734 368
1 188 26184 26917
2 453 194
1 408 32205 15817
2 690 861
2 662 626
2 270 298
1 371 24562 4691
1 657 439 8620
2 447 684
1 468 2726 32247
2 898 359
1 495 29266 12527
1 360 31941 9528
2 349 357
1 300 11181 13132
2 798 560
1 44 19100 11864
1 716 31275 16844
2 465 202
2 768 331
1 900 17030 6285
2 642 270
1 843 26025 11299
2 35 62
2 359 90
1 751 20654 16277
1 804 20646 14102
1 461 29157 5128
1 696 18443 21086
1 747 26829 2252
2 436 17
1 817 9422 17292
1 105 6605 22411
2 774 237
2 299 344
1 298 18294 7734
1 729 4987 17087
2 131 73
2 819 143
1 306 9455 12315
2 604 288
2 249 779
1 529 20355 14067
2 797 514
2 293 127
1 370 19997 3750
1 954 22433 21137
2 48 630
2 923 124
2 112 20
2 928 400
2 641 132
2 204 43
1 130 21068 18747
2 847 451
1 760 3963 17370
2 635 8
2 69 138
2 98 59
1 429 24819 10016
1 476 15441 4259
2 561 103
2 231 765
2 431 34
2 662 626
2 985 610
2 749 390
2 780 50
2 242 95
1 297 31085 8408
1 357 13148 21006
2 916 189
1 620 22737 17214
1 62 14514 2091
1 775 26071 19218
2 81 167
2 261 731
1 514 25271 7290
1 616 17028 25279
1 218 27825 4407
2 473 129
1 186 18649 23081
1 904 15949 32326
1 886 31252 19089
1 831 14939 4113
2 482 69
2 804 413
2 765 231
1 586 22262 323
1 503 22680 30279
1 393 7758 22651
2 573 455
2 502 837
2 130 287
1 846 5925 29044
2 372 744
1 497 6489 17575
2 804 413
1 245 31904 25113
1 72 6653 24247
2 768 331
1 48 630 2954
1 440 999 26687
2 697 166
1 965 11767 29350
2 289 183
1 432 26628 5264
1 884 15457 9713
2 413 153
2 962 6
2 331 715
1 878 14382 4508
2 391 10
2 686 608
2 864 59
1 111 15175 343
2 858 680
1 30 31731 18384
1 1 19666 24927
2 467 370
1 234 17298 6246
2 104 437
2 561 790
2 335 740
1 638 7032 8996
2 165 953
1 286 4834 11890
2 930 4
2 431 34
1 832 2489 5203
2 54 126
2 80 589
1 330 30459 3630
1 924 13906 28037
1 828 7415 1349
1 997 16620 23736
2 448 513
2 571 62
2 698 938
1 576 4799 6171
1 304 1411 18996
2 576 543
2 40 32
2 978 785
2 534 180
2 51 717
1 217 14312 9327
1 515 23572 21428
2 944 668
1 477 1597 25018
2 717 51
2 62 806
1 479 14587 18805
1 167 29019 24024
1 545 3508 3182
1 411 12176 27046
2 258 202
2 885 421
2 574 639
2 79 153
2 360 393
2 204 474
2 107 9
2 253 777
1 965 13050 20275
1 329 3745 30389
2 863 49
2 15 33
1 444 9727 22620
2 768 331
2 361 745
2 733 234
1 216 16315 12260
2 887 493
1 77 11128 23594
2 79 153
1 960 15146 6816
2 396 387
1 900 24786 21161
1 892 30519 5355
1 469 19144 16422
1 890 15496 26723
2 279 305
2 715 331
1 797 3399 8971
1 272 1079 15697
1 792 30207 17222
2 628 72
2 832 146
2 666 809
1 721 15267 5920
2 200 144
2 910 803
1 892 31014 22841
1 962 20733 17909
1 639 11359 17706
2 485 470
1 804 22211 20040
2 267 720
2 260 188
2 194 188
1 984 16741 17853
1 143 11923 9521
2 283 223
2 990 406
1 284 14776 4525
1 742 23435 465
2 233 823
2 201 203
2 696 118
2 668 944
2 549 726
2 812 179
2 211 218
2 77 60
2 53 103
2 518 72
1 746 32579 23479
1 887 27779 7818
1 183 728 15738
2 205 144
1 893 26460 14920
2 98 202
2 691 321
2 588 729
1 170 16756 6640
1 102 12480 9503
2 602 922
1 528 30899 3669
2 114 901
1 473 32624 21460
2 895 572
2 618 586
1 55 30832 21934
1 351 15156 15814
1 621 15644 28712
1 634 3981 29306
2 251 60
2 407 121
2 646 449
1 555 12772 22543
2 818 375
2 25 241
1 166 26558 7471
1 636 26663 256
1 932 12940 1749
1 501 24457 29684
2 369 352
1 31 21600 6425
2 150 97
2 651 851
1 196 9675 17788
2 343 492
2 422 663
2 46 223
1 225 8370 11141
1 621 26892 23954
2 325 270
1 46 27516 1837
1 275 19085 8947
2 199 776
2 753 587
2 272 457
2 823 233
1 126 10930 2942
2 450 301
2 96 94
1 990 30204 31065
2 642 926
1 263 4355 1213
2 595 136
1 207 21007 27663
2 668 944
2 12 405
2 116 9
2 806 62
1 65 22660 6932
1 651 7035 4460
2 210 739
2 55 20
2 644 342
1 52 5894 5599
1 276 15074 24002
2 362 148
2 575 112
1 575 1956 12981
2 357 349
2 955 566
1 165 118 11517
1 834 11632 23125
2 284 150
1 752 22622 15963
1 436 6936 7423
2 396 387
2 328 815
1 725 8262 1021
1 416 15093 1080
1 321 11473 22270
2 403 620
2 366 352
1 971 25399 3501
1 190 21508 24484
2 143 434
2 239 674
2 279 58
1 461 1826 29492
1 381 9186 11858
2 783 404
2 740 335
1 599 27768 7728
1 915 32068 5099
2 836 38
1 1 5252 10430
1 31 4809 5129
1 865 31618 6325
2 802 512
1 718 25007 2195
1 98 19045 13363
2 521 94
2 221 345
1 732 10850 7661
2 367 198
2 226 83
1 40 16606 18377
2 856 63
1 400 11219 11481
2 1 175
2 269 66
1 972 10106 13458
2 681 101
2 243 59
2 367 198
2 920 848
1 584 28656 25234
2 980 220
2 933 458
1 746 9201 19463
1 168 25192 17939
2 403 287
2 534 180
1 85 9623 17004
2 966 305
1 274 16495 12255
2 381 716
1 245 25532 18937
2 477 64
2 128 736
2 228 648
2 400 928
1 922 17877 14671
2 999 741
2 323 378
2 732 833
1 884 14135 24883
1 713 16896 29300
2 938 698
1 524 11742 11310
2 889 33
1 52 14082 11087
1 823 2632 9869
1 505 12819 22121
1 837 25819 21900
2 378 323
2 462 87
1 774 9820 7422
2 317 164
2 277 132
2 57 41
2 822 415
1 417 11652 32667
1 286 6085 29036
2 452 286
2 555 189
2 968 145
2 662 626
1 955 11919 3688
1 289 6112 9695
2 994 50
2 515 545
2 711 486
1 625 14219 24574
1 47 28528 25265
2 417 196
2 822 415
1 254 28968 2029
2 474 204
2 46 504
2 794 262
1 102 2715 9679
1 715 13571 23802
1 231 25577 6734
2 461 362
1 552 11130 17331
1 645 9925 11636
2 617 198
2 718 991
1 637 31561 1509
2 41 6
2 651 851
1 527 30241 30041
2 872 652
1 598 1550 17728
2 680 841
2 853 132
1 867 17092 18455
2 533 501
2 307 217
2 775 562
2 966 305
2 587 753
1 601 18213 9124
2 926 642
2 562 775
2 719 647
1 381 16373 8529
2 290 21
2 623 496
2 375 363
1 264 1080 4160
2 717 51
2 881 246
2 856 63
2 827 362
2 970 541
2 900 72
2 491 820
2 264 218
2 709 450
1 504 29663 22007
1 506 24064 16187
2 99 13
1 939 4467 19874
2 939 523
1 801 11015 143
2 385 110
1 442 25891 16480
2 932 721
1 382 11907 21135
1 286 12314 18139
1 778 19409 26233
2 468 147
1 920 13376 13981
2 506 34
1 710 15203 29088
2 821 539
1 336 15284 2650
1 205 16870 31885
1 314 4672 20571
1 33 10677 25655
1 635 5137 4879
2 84 28
1 330 29359 20692
2 99 13
1 320 8233 10928
1 134 30693 1620
2 304 161
2 874 514
1 553 26675 13248
1 776 4311 24713
2 565 389
2 451 656
2 382 75
1 3 1105 25151
2 841 680
1 984 19574 15108
1 300 27129 8934
1 440 19163 29451
1 365 5099 19286
2 263 93
2 488 177
2 911 125
2 663 422
2 572 895
2 298 270
1 391 28517 703
1 708 12814 15630
1 392 1552 4923
1 502 14567 26018
1 132 5898 22699
2 685 671
1 513 76 13631
1 466 29954 16866
1 253 16602 21468
2 566 379
1 219 21577 14854
2 817 603
1 271 7295 19149
2 81 167
1 664 13020 17009
1 62 13945 1562
1 697 10541 11509
1 77 26460 6056
2 251 645
2 223 283
2 887 493
2 128 86
2 340 850
2 396 387
1 769 19743 8734
1 832 21191 5855
2 583 522
2 316 288
1 948 13744 17620
1 544 16352 26126
2 870 251
2 455 573
1 932 6809 32131
1 91 9723 14828
2 281 486
2 150 97
1 995 23573 3913
1 774 11452 4032
1 636 8309 228
2 41 6
2 874 514
1 702 4343 1220
2 90 723
2 206 38
1 143 24613 19337
1 173 18335 26868
1 648 373 3042
