1000 1000
1 2
2 3
3 4
4 5
5 6
6 7
7 8
8 9
9 10
10 11
11 12
12 13
13 14
14 15
15 16
16 17
17 18
18 19
19 20
20 21
21 22
22 23
23 24
24 25
25 26
26 27
27 28
28 29
29 30
30 31
31 32
32 33
33 34
34 35
35 36
36 37
37 38
38 39
39 40
40 41
41 42
42 43
43 44
44 45
45 46
46 47
47 48
48 49
49 50
50 51
51 52
52 53
53 54
54 55
55 56
56 57
57 58
58 59
59 60
60 61
61 62
62 63
63 64
64 65
65 66
66 67
67 68
68 69
69 70
70 71
71 72
72 73
73 74
74 75
75 76
76 77
77 78
78 79
79 80
80 81
81 82
82 83
83 84
84 85
85 86
86 87
87 88
88 89
89 90
90 91
91 92
92 93
93 94
94 95
95 96
96 97
97 98
98 99
99 100
100 101
101 102
102 103
103 104
104 105
105 106
106 107
107 108
108 109
109 110
110 111
111 112
112 113
113 114
114 115
115 116
116 117
117 118
118 119
119 120
120 121
121 122
122 123
123 124
124 125
125 126
126 127
127 128
128 129
129 130
130 131
131 132
132 133
133 134
134 135
135 136
136 137
137 138
138 139
139 140
140 141
141 142
142 143
143 144
144 145
145 146
146 147
147 148
148 149
149 150
150 151
151 152
152 153
153 154
154 155
155 156
156 157
157 158
158 159
159 160
160 161
161 162
162 163
163 164
164 165
165 166
166 167
167 168
168 169
169 170
170 171
171 172
172 173
173 174
174 175
175 176
176 177
177 178
178 179
179 180
180 181
181 182
182 183
183 184
184 185
185 186
186 187
187 188
188 189
189 190
190 191
191 192
192 193
193 194
194 195
195 196
196 197
197 198
198 199
199 200
200 201
201 202
202 203
203 204
204 205
205 206
206 207
207 208
208 209
209 210
210 211
211 212
212 213
213 214
214 215
215 216
216 217
217 218
218 219
219 220
220 221
221 222
222 223
223 224
224 225
225 226
226 227
227 228
228 229
229 230
230 231
231 232
232 233
233 234
234 235
235 236
236 237
237 238
238 239
239 240
240 241
241 242
242 243
243 244
244 245
245 246
246 247
247 248
248 249
249 250
250 251
251 252
252 253
253 254
254 255
255 256
256 257
257 258
258 259
259 260
260 261
261 262
262 263
263 264
264 265
265 266
266 267
267 268
268 269
269 270
270 271
271 272
272 273
273 274
274 275
275 276
276 277
277 278
278 279
279 280
280 281
281 282
282 283
283 284
284 285
285 286
286 287
287 288
288 289
289 290
290 291
291 292
292 293
293 294
294 295
295 296
296 297
297 298
298 299
299 300
300 301
301 302
302 303
303 304
304 305
305 306
306 307
307 308
308 309
309 310
310 311
311 312
312 313
313 314
314 315
315 316
316 317
317 318
318 319
319 320
320 321
321 322
322 323
323 324
324 325
325 326
326 327
327 328
328 329
329 330
330 331
331 332
332 333
333 334
334 335
335 336
336 337
337 338
338 339
339 340
340 341
341 342
342 343
343 344
344 345
345 346
346 347
347 348
348 349
349 350
350 351
351 352
352 353
353 354
354 355
355 356
356 357
357 358
358 359
359 360
360 361
361 362
362 363
363 364
364 365
365 366
366 367
367 368
368 369
369 370
370 371
371 372
372 373
373 374
374 375
375 376
376 377
377 378
378 379
379 380
380 381
381 382
382 383
383 384
384 385
385 386
386 387
387 388
388 389
389 390
390 391
391 392
392 393
393 394
394 395
395 396
396 397
397 398
398 399
399 400
400 401
401 402
402 403
403 404
404 405
405 406
406 407
407 408
408 409
409 410
410 411
411 412
412 413
413 414
414 415
415 416
416 417
417 418
418 419
419 420
420 421
421 422
422 423
423 424
424 425
425 426
426 427
427 428
428 429
429 430
430 431
431 432
432 433
433 434
434 435
435 436
436 437
437 438
438 439
439 440
440 441
441 442
442 443
443 444
444 445
445 446
446 447
447 448
448 449
449 450
450 451
451 452
452 453
453 454
454 455
455 456
456 457
457 458
458 459
459 460
460 461
461 462
462 463
463 464
464 465
465 466
466 467
467 468
468 469
469 470
470 471
471 472
472 473
473 474
474 475
475 476
476 477
477 478
478 479
479 480
480 481
481 482
482 483
483 484
484 485
485 486
486 487
487 488
488 489
489 490
490 491
491 492
492 493
493 494
494 495
495 496
496 497
497 498
498 499
499 500
500 501
501 502
502 503
503 504
504 505
505 506
506 507
507 508
508 509
509 510
510 511
511 512
512 513
513 514
514 515
515 516
516 517
517 518
518 519
519 520
520 521
521 522
522 523
523 524
524 525
525 526
526 527
527 528
528 529
529 530
530 531
531 532
532 533
533 534
534 535
535 536
536 537
537 538
538 539
539 540
540 541
541 542
542 543
543 544
544 545
545 546
546 547
547 548
548 549
549 550
550 551
551 552
552 553
553 554
554 555
555 556
556 557
557 558
558 559
559 560
560 561
561 562
562 563
563 564
564 565
565 566
566 567
567 568
568 569
569 570
570 571
571 572
572 573
573 574
574 575
575 576
576 577
577 578
578 579
579 580
580 581
581 582
582 583
583 584
584 585
585 586
586 587
587 588
588 589
589 590
590 591
591 592
592 593
593 594
594 595
595 596
596 597
597 598
598 599
599 600
600 601
601 602
602 603
603 604
604 605
605 606
606 607
607 608
608 609
609 610
610 611
611 612
612 613
613 614
614 615
615 616
616 617
617 618
618 619
619 620
620 621
621 622
622 623
623 624
624 625
625 626
626 627
627 628
628 629
629 630
630 631
631 632
632 633
633 634
634 635
635 636
636 637
637 638
638 639
639 640
640 641
641 642
642 643
643 644
644 645
645 646
646 647
647 648
648 649
649 650
650 651
651 652
652 653
653 654
654 655
655 656
656 657
657 658
658 659
659 660
660 661
661 662
662 663
663 664
664 665
665 666
666 667
667 668
668 669
669 670
670 671
671 672
672 673
673 674
674 675
675 676
676 677
677 678
678 679
679 680
680 681
681 682
682 683
683 684
684 685
685 686
686 687
687 688
688 689
689 690
690 691
691 692
692 693
693 694
694 695
695 696
696 697
697 698
698 699
699 700
700 701
701 702
702 703
703 704
704 705
705 706
706 707
707 708
708 709
709 710
710 711
711 712
712 713
713 714
714 715
715 716
716 717
717 718
718 719
719 720
720 721
721 722
722 723
723 724
724 725
725 726
726 727
727 728
728 729
729 730
730 731
731 732
732 733
733 734
734 735
735 736
736 737
737 738
738 739
739 740
740 741
741 742
742 743
743 744
744 745
745 746
746 747
747 748
748 749
749 750
750 751
751 752
752 753
753 754
754 755
755 756
756 757
757 758
758 759
759 760
760 761
761 762
762 763
763 764
764 765
765 766
766 767
767 768
768 769
769 770
770 771
771 772
772 773
773 774
774 775
775 776
776 777
777 778
778 779
779 780
780 781
781 782
782 783
783 784
784 785
785 786
786 787
787 788
788 789
789 790
790 791
791 792
792 793
793 794
794 795
795 796
796 797
797 798
798 799
799 800
800 801
801 802
802 803
803 804
804 805
805 806
806 807
807 808
808 809
809 810
810 811
811 812
812 813
813 814
814 815
815 816
816 817
817 818
818 819
819 820
820 821
821 822
822 823
823 824
824 825
825 826
826 827
827 828
828 829
829 830
830 831
831 832
832 833
833 834
834 835
835 836
836 837
837 838
838 839
839 840
840 841
841 842
842 843
843 844
844 845
845 846
846 847
847 848
848 849
849 850
850 851
851 852
852 853
853 854
854 855
855 856
856 857
857 858
858 859
859 860
860 861
861 862
862 863
863 864
864 865
865 866
866 867
867 868
868 869
869 870
870 871
871 872
872 873
873 874
874 875
875 876
876 877
877 878
878 879
879 880
880 881
881 882
882 883
883 884
884 885
885 886
886 887
887 888
888 889
889 890
890 891
891 892
892 893
893 894
894 895
895 896
896 897
897 898
898 899
899 900
900 901
901 902
902 903
903 904
904 905
905 906
906 907
907 908
908 909
909 910
910 911
911 912
912 913
913 914
914 915
915 916
916 917
917 918
918 919
919 920
920 921
921 922
922 923
923 924
924 925
925 926
926 927
927 928
928 929
929 930
930 931
931 932
932 933
933 934
934 935
935 936
936 937
937 938
938 939
939 940
940 941
941 942
942 943
943 944
944 945
945 946
946 947
947 948
948 949
949 950
950 951
951 952
952 953
953 954
954 955
955 956
956 957
957 958
958 959
959 960
960 961
961 962
962 963
963 964
964 965
965 966
966 967
967 968
968 969
969 970
970 971
971 972
972 973
973 974
974 975
975 976
976 977
977 978
978 979
979 980
980 981
981 982
982 983
983 984
984 985
985 986
986 987
987 988
988 989
989 990
990 991
991 992
992 993
993 994
994 995
995 996
996 997
997 998
998 999
999 1000
2 247 248
1 887 29545 7570
2 489 488
2 984 985
2 596 597
1 422 4923 18798
2 502 503
1 295 6613 6657
1 702 26342 10594
1 910 21529 17355
2 137 136
1 166 1379 9487
1 152 23901 27816
1 818 21941 20120
1 944 20524 2285
1 395 21745 28522
1 292 18708 6188
2 140 139
2 21 20
2 273 272
2 734 735
1 883 27128 827
1 932 13595 5009
2 567 566
2 900 901
2 136 137
2 445 444
1 491 27484 13437
1 918 28872 7519
2 561 560
1 785 26714 4473
1 753 22482 27724
1 10 13492 26361
1 664 32499 6196
1 755 11811 15568
1 17 5947 5753
1 657 24473 8869
1 11 8518 15816
1 387 9340 1735
1 943 21093 5808
2 687 688
2 474 473
2 5 4
1 445 27485 12699
2 91 92
1 842 14076 28703
2 987 988
2 799 800
1 396 23909 26364
2 231 232
2 109 108
2 810 811
1 295 5084 7983
2 248 249
1 337 4605 4866
1 517 17304 31863
1 526 29042 25659
1 151 24030 1896
2 905 906
2 554 553
2 359 358
2 729 730
2 965 966
2 284 285
1 666 12168 2438
1 944 32419 19095
1 577 533 21144
2 362 363
2 861 860
2 724 723
1 662 21014 27931
2 209 210
1 340 32221 17669
1 434 191 1348
2 13 12
2 673 672
2 503 502
1 988 4190 23047
1 323 4883 1179
2 992 991
2 658 657
1 492 29075 25782
2 645 644
2 806 805
1 98 18971 24251
2 551 550
2 218 219
1 880 7713 10735
2 144 143
1 85 26994 26303
2 564 563
1 40 15574 537
2 450 451
2 846 845
1 258 20829 10021
2 343 344
1 120 6224 28467
1 633 25630 15171
2 100 101
1 398 4437 23296
1 145 24141 7935
2 790 791
2 73 74
2 550 549
2 385 384
1 746 24353 15678
2 448 449
1 891 29581 4297
2 442 443
2 280 281
2 26 27
2 986 987
2 288 289
1 647 25703 17058
2 90 91
1 997 1812 21928
1 223 24224 10956
1 802 31290 8215
1 334 25947 31529
2 7 6
1 65 10910 2900
1 644 22864 15109
1 866 16206 17396
1 489 23093 14232
1 103 3934 10549
2 459 458
1 507 3141 18933
1 829 10409 30155
2 239 240
2 868 867
2 600 599
2 829 828
2 489 488
1 747 27884 28806
2 826 827
1 180 28513 16900
1 711 14781 15796
2 606 605
1 529 9415 15296
1 494 12161 3815
1 387 17275 8818
2 521 520
2 752 753
1 79 603 14194
1 593 21466 19204
2 13 12
2 633 632
1 835 20421 16536
1 631 12588 10627
1 445 4386 350
2 712 713
1 911 17996 21228
1 934 23895 8203
1 70 8878 15096
1 104 23019 8570
2 739 740
1 291 30571 12770
1 940 10197 30530
2 8 7
1 209 7196 2129
1 92 25672 24674
2 669 668
2 632 633
2 270 271
2 552 553
1 398 4850 19534
2 427 426
2 634 635
1 324 30642 19352
2 735 734
1 892 15862 32244
1 536 13503 9153
1 31 13447 29820
1 804 9857 23897
2 693 694
1 384 20836 2845
2 430 431
1 766 11962 711
1 857 17643 15615
1 971 1186 15028
2 825 824
2 682 681
2 988 987
2 175 176
2 257 256
1 296 4508 1197
1 476 24414 23439
1 470 10072 21594
1 856 21642 27812
1 590 23729 3779
1 896 8206 645
2 589 588
2 230 229
2 358 357
2 671 670
2 314 315
1 958 3071 4804
2 351 352
2 483 482
2 567 566
2 416 415
2 699 698
1 904 13877 24360
2 911 912
2 332 331
1 519 2874 29682
1 307 21278 31442
2 93 92
1 893 32340 26046
1 502 30211 2273
1 995 21224 5406
1 711 24442 13533
2 878 877
1 161 9043 16298
1 640 20527 15323
1 593 16397 31172
2 104 105
1 491 20777 31973
1 863 10144 14989
1 275 31050 2973
2 313 312
2 346 345
1 861 10196 6024
1 278 13590 9913
1 344 14900 29858
2 860 859
2 999 998
1 965 6273 27827
1 160 18245 28095
1 46 29271 9648
2 417 418
1 700 7726 25709
2 837 838
1 195 8404 4231
1 197 10693 13844
1 999 18596 20803
2 83 82
2 228 227
1 654 9939 31316
2 51 52
1 635 24711 11005
1 48 21097 32641
1 685 1699 20258
2 241 240
2 187 186
2 890 891
2 336 335
2 479 480
1 741 31485 3161
2 207 206
1 31 20996 12766
1 985 27032 12614
2 343 342
2 794 795
2 489 490
1 820 4519 8122
2 555 554
1 16 12363 15644
1 262 32560 23117
2 613 614
2 31 30
2 8 9
2 948 947
2 300 301
1 617 15727 13205
1 917 17065 5724
1 836 8144 14125
1 431 13021 7536
2 814 813
2 645 646
1 812 29786 13197
1 448 2661 4590
1 297 16600 20609
2 888 887
1 136 30193 13622
1 169 21941 14079
1 865 26581 1233
1 129 4319 31246
2 746 747
1 363 23494 31501
1 502 4255 5076
1 849 16800 25430
1 431 23123 30274
1 864 27683 12457
1 147 14284 424
2 369 368
2 394 393
2 359 358
2 327 326
1 398 30260 1241
1 361 915 5128
2 606 605
1 312 24990 29342
2 560 559
2 752 751
2 625 626
2 170 171
1 589 14208 21078
1 52 5494 25066
1 798 14482 19277
2 483 482
2 263 262
2 171 172
1 843 15731 5303
2 724 723
2 781 782
1 578 30570 11257
2 888 887
2 435 436
1 323 14903 11762
1 480 15789 13931
1 769 8256 2019
2 369 370
1 871 22640 11557
1 349 30463 21219
1 351 32487 17082
2 87 88
2 394 393
1 943 25276 6387
1 193 6267 3204
1 54 21594 27457
1 834 221 16817
1 272 15093 18959
2 180 181
1 60 7712 22497
1 431 30443 9278
1 14 1846 17864
2 936 935
1 457 14252 2086
1 461 525 14499
1 266 30886 15230
2 69 70
2 437 438
1 243 7779 15912
2 609 610
2 880 879
1 889 7973 16436
2 963 964
2 24 25
2 218 217
1 543 29279 18454
1 483 19037 24565
1 113 4443 24550
1 72 27698 16044
1 803 17874 18889
2 76 77
2 689 688
2 118 117
1 455 25103 27110
1 331 18068 6644
2 526 527
2 9 10
1 767 20547 13245
1 919 10917 6591
2 46 47
2 313 314
1 562 3417 15497
1 354 19824 19675
2 434 433
1 494 20911 294
2 79 80
1 107 5021 25538
1 230 1440 4426
2 968 969
1 980 9875 16992
2 32 31
2 275 274
1 404 10932 9301
2 631 630
2 483 482
2 890 889
1 778 15118 29887
2 525 526
1 297 13915 9123
1 490 930 29044
2 370 371
2 567 566
2 904 905
1 320 28149 13348
2 238 239
2 64 63
1 930 32599 17631
1 41 16821 28027
2 328 327
2 502 501
2 544 543
1 526 8722 6226
1 521 13897 11757
2 399 398
1 753 3465 27582
1 577 4387 26552
2 466 465
1 20 3149 8678
1 492 11242 32381
1 688 11757 7945
1 866 13604 26610
2 884 885
2 541 542
1 832 30395 13280
1 495 31695 27984
2 785 784
2 278 279
1 838 16226 17283
2 278 279
2 772 771
1 441 14339 2659
1 324 6625 16430
1 519 31419 6372
1 92 28302 7902
1 346 7876 5428
1 716 28512 22566
1 277 1148 7355
2 956 955
1 469 6885 28517
2 463 464
1 735 14432 26342
2 611 610
1 444 28799 23440
1 772 21062 15039
2 914 913
2 874 873
1 328 19348 26770
2 751 752
2 553 552
2 527 526
1 275 13664 32699
1 342 6561 25082
1 774 9200 13460
1 250 469 1852
1 515 23085 5805
1 896 10969 912
2 668 667
2 480 479
1 468 23972 15224
1 460 28254 195
2 200 199
2 464 465
1 181 29985 21746
1 566 15382 16595
2 897 898
1 757 4088 19065
2 293 294
1 199 12834 28557
1 376 15908 18313
1 337 1355 6095
1 539 291 19850
2 389 388
1 286 4470 20094
2 522 523
2 585 586
1 986 2967 24454
2 189 190
2 742 743
1 355 24413 22264
2 653 654
2 754 753
2 659 658
2 207 208
1 978 25492 19066
1 155 20547 2601
1 88 27209 18718
1 106 16509 13030
2 428 427
1 142 3194 3009
2 699 700
1 318 13773 31991
1 605 14876 19654
1 182 29947 30973
1 120 8765 25775
1 821 11093 30480
2 652 653
1 509 15849 2767
2 154 155
1 492 18554 26650
2 873 874
1 742 13949 11385
1 84 27631 7990
1 293 26834 29229
1 911 21440 3817
1 115 1220 29585
1 594 11863 2062
1 598 4750 20080
2 786 785
2 631 632
1 981 12143 13378
2 492 491
1 651 15869 13683
2 458 457
2 859 858
2 265 266
2 807 808
2 592 591
2 130 129
1 902 3887 20388
1 278 25286 4202
1 720 11448 7746
1 667 21016 25990
2 715 716
2 722 723
1 596 32043 9886
1 652 11859 21153
2 187 186
1 974 10724 707
2 191 192
2 281 280
1 70 24976 23336
2 68 69
2 517 518
2 913 912
1 390 9119 9929
2 68 69
1 970 20247 9361
1 116 29021 21941
2 91 92
1 325 32320 23898
2 516 517
2 818 817
2 137 136
2 607 606
2 254 253
2 412 411
2 121 122
2 868 869
2 616 617
1 612 5474 15331
1 396 31430 8354
1 659 19323 11808
2 155 154
1 373 7584 9757
1 470 7985 4860
2 474 475
1 675 10907 9401
1 324 32144 9515
2 823 824
2 394 395
2 12 11
1 276 24637 336
2 83 84
1 338 24166 11249
2 753 752
2 219 220
1 679 9996 3969
1 367 28892 30251
1 311 18409 3712
2 421 422
1 821 7977 21745
1 261 13195 1718
2 447 448
2 245 244
2 243 244
2 403 404
1 679 12218 23816
2 916 915
1 49 18350 27511
2 415 414
2 110 111
1 516 18432 7663
1 635 13355 16854
2 913 912
1 966 2292 29568
1 3 30195 12810
2 51 52
2 52 51
1 925 29189 12037
2 687 686
2 943 942
2 909 908
1 493 11007 6622
1 705 7936 22530
2 557 558
2 816 815
1 633 5168 32113
1 107 20659 877
1 20 413 30390
1 652 28823 4766
1 490 10910 24962
1 567 32179 5034
1 925 32468 15728
2 456 457
1 832 683 32647
2 339 338
2 848 849
1 974 28421 13534
2 516 517
2 995 996
1 953 23429 383
1 385 23750 28247
2 812 811
2 349 348
2 967 966
1 744 11300 32366
1 864 2203 10655
1 326 2706 5153
1 351 5577 21509
2 663 664
2 910 911
1 719 28459 24966
2 511 512
1 658 643 8162
1 480 2967 31313
1 221 4301 4693
1 249 15910 4862
2 104 105
1 805 20847 4405
1 415 24724 9418
2 678 677
1 630 5060 7159
2 782 783
2 227 226
2 290 289
2 185 186
2 730 729
2 312 311
2 340 339
2 672 673
1 938 4085 22605
2 806 807
1 102 17188 28594
1 153 18484 23511
2 189 188
2 211 212
1 871 17087 14090
2 519 520
2 484 485
1 592 31843 23730
2 119 118
2 38 39
1 374 15484 11026
1 406 8330 9374
1 30 24502 22177
2 688 689
2 765 766
1 773 10880 10489
1 898 8204 21630
2 828 829
2 609 608
1 754 26259 27862
1 391 2443 29932
1 763 11889 18313
1 676 25967 7551
1 649 24085 14958
1 802 27470 12517
1 648 915 12745
2 453 454
1 599 3871 10210
1 786 7617 28665
1 600 9579 24926
2 17 18
2 795 794
1 278 17989 2994
1 585 15047 25391
2 903 902
2 898 897
2 359 360
1 399 16053 28237
1 298 10217 28462
1 895 10333 6695
1 876 27792 11661
2 723 724
1 780 23441 29946
2 104 105
2 582 583
1 130 24721 14788
1 488 23258 185
1 655 11866 24938
2 130 131
2 491 490
2 818 819
2 195 194
2 717 716
2 494 493
1 994 32472 22952
1 536 1986 4563
2 355 356
2 633 634
1 849 22655 25687
2 365 366
2 11 12
1 226 30460 5321
2 970 969
2 403 402
1 504 11717 28003
2 78 77
1 264 24281 13074
1 745 4722 5300
1 171 31558 4559
1 30 24161 10252
1 821 11549 20783
2 448 449
1 950 8944 10643
1 61 26233 20783
2 331 332
2 886 885
2 540 539
2 227 226
1 490 30143 12742
1 136 30054 6298
1 15 2402 20158
2 40 41
2 338 337
1 993 31162 9001
2 133 134
2 183 182
1 873 3265 28874
2 741 740
2 298 297
1 640 22685 3794
2 285 286
1 390 12232 23016
1 59 12810 10438
1 968 27521 19980
2 830 829
2 113 112
2 528 529
2 34 35
2 320 321
1 57 753 882
2 536 537
2 375 374
1 826 7171 29529
2 715 714
1 201 12979 12074
2 127 126
1 501 10900 10697
2 273 272
1 492 1430 19982
1 541 14152 23572
1 823 12379 28073
1 401 16476 27508
1 523 15703 29601
2 848 849
1 474 10921 12250
2 636 637
1 273 12612 23517
2 515 514
1 898 29322 26143
1 384 26636 19482
2 474 473
1 914 21126 23534
1 544 16140 23653
2 144 145
2 155 154
2 722 721
2 230 231
2 809 808
1 617 14567 24740
1 962 18225 2492
2 562 563
2 776 775
1 323 12296 21169
1 164 7590 8277
1 924 31010 22684
2 834 833
2 94 93
2 430 429
1 474 15784 18307
1 997 22614 28880
2 70 71
2 185 184
2 403 404
1 122 29285 19791
2 757 758
1 97 4542 20658
1 869 29861 15000
2 333 332
2 702 703
2 78 79
2 28 27
1 216 14329 3679
1 543 20299 9536
1 241 2294 20832
1 218 18901 2813
1 522 7063 31961
1 668 17173 4411
2 950 951
2 189 190
2 485 484
1 627 20887 10079
1 672 2816 31431
1 792 4688 23580
1 345 32336 31385
1 131 17258 2444
1 2 15025 15183
1 508 6689 26746
1 254 16935 14167
2 852 853
2 947 948
2 794 795
1 607 19956 2125
2 90 89
2 34 35
1 96 12703 26776
2 511 512
2 848 849
1 180 8613 3752
1 100 5560 20631
2 520 521
1 926 15612 24369
1 313 18476 26607
2 380 381
2 199 200
2 704 703
2 485 486
1 814 18780 5601
2 249 248
1 122 31716 6641
2 262 261
2 467 466
2 749 748
2 184 185
2 24 25
2 551 550
1 798 11750 29090
2 223 222
2 453 452
2 164 163
2 686 685
2 306 305
1 32 9861 7373
2 871 870
2 221 222
1 650 32153 25535
2 47 46
2 694 693
2 648 647
1 236 17413 19529
2 163 164
2 311 310
1 228 14035 7502
2 502 503
2 335 336
1 446 9975 16161
2 248 249
2 426 427
2 99 98
2 111 110
2 674 675
2 48 47
1 891 28788 28975
1 193 21627 21318
2 176 177
1 739 29217 6275
1 273 15790 28734
1 562 2585 30817
2 869 868
2 248 249
1 223 3893 29775
1 310 13259 8066
2 629 630
1 783 19316 18588
2 948 947
2 533 534
2 125 126
2 421 420
2 905 906
2 140 141
2 133 134
2 266 267
1 344 14254 1410
1 479 17591 20005
2 753 754
1 148 31562 31377
2 118 117
1 875 21043 21049
2 612 611
1 555 20957 13750
1 1 11855 30630
2 558 559
2 993 994
2 325 324
2 388 387
2 935 934
1 182 23703 18510
1 991 14143 20097
1 185 27664 29767
1 31 4377 11464
2 849 848
1 881 13516 12969
1 236 20442 778
1 541 1588 25084
1 828 26142 22853
1 279 18002 1603
1 227 28487 11811
2 586 587
2 10 9
2 747 746
2 400 399
1 783 12382 17290
1 48 32442 26207
2 804 805
2 176 175
2 639 640
2 755 754
1 561 4557 19609
1 960 15379 28905
2 210 211
2 151 150
1 715 10153 132
1 903 18644 4052
2 697 696
2 423 424
1 749 29141 3344
1 525 2135 19663
1 206 11280 7981
1 674 8533 31932
1 844 11782 5741
1 602 22800 9990
2 530 531
2 141 140
2 584 585
1 342 18105 1206
1 792 992 13821
2 918 919
2 226 225
1 755 3021 24633
1 285 13985 25840
1 742 25838 22759
2 137 136
2 989 988
2 598 599
2 726 725
1 495 12817 15572
1 741 12217 24375
1 22 19162 28342
1 490 31675 3411
2 176 177
2 247 246
2 127 128
1 861 26227 17532
2 907 908
2 11 12
2 492 491
1 898 22819 13430
1 734 21395 32628
1 370 3919 4144
1 614 15399 10631
2 161 162
2 184 183
1 578 9198 25464
1 880 31326 29913
1 76 25653 11454
2 785 786
2 185 184
1 963 5438 4101
1 492 2106 8633
1 385 29283 5032
2 305 304
2 782 783
2 272 271
2 404 403
1 892 16982 27712
1 724 9801 6727
1 137 29595 29392
2 526 527
1 807 1031 19016
2 833 832
1 939 15331 4212
1 937 14806 16479
1 94 16656 18987
2 723 722
2 458 457
1 761 4430 9177
2 900 901
2 267 266
1 239 30470 5624
1 780 19542 22761
2 516 515
1 57 27511 14021
1 266 28218 23651
1 667 12812 5087
1 39 8808 16092
1 910 2581 26131
1 618 16203 17644
1 180 23319 13135
1 864 32768 25015
2 494 493
1 268 20394 4412
1 839 31078 21310
2 188 187
1 118 5590 25813
2 790 791
1 758 8146 26081
1 859 21621 21225
1 39 20916 27271
2 786 785
1 438 23714 9466
2 866 865
2 910 911
2 103 102
2 525 526
1 380 8105 29409
2 438 437
1 220 26964 5559
2 751 750
2 273 272
2 813 814
2 111 110
2 84 83
2 711 710
1 559 24255 25344
