0 0
23999 0
23999 0
0 48220
0 96843
0 112543
0 123058
0 202047
0 202047
202047 0
0 204674
204674 0
0 244934
244934 0
0 274058
274440 0
274440 0
0 274440
0 274440
0 274440
0 274440
274440 0
0 274440
283952 0
0 331585
331585 0
0 331585
358726 0
0 358726
0 358726
0 380401
0 410181
0 465165
0 477697
481673 0
0 481673
481673 0
459128 22545
0 481673
0 504267
0 526822
526822 0
0 526822
0 526822
585376 0
0 609276
0 636654
636654 0
0 636654
0 656887
0 675984
28265 647719
675984 0
0 675984
675984 0
38391 656480
694871 0
0 694871
694871 0
0 720000
729981 0
0 741056
0 741056
863671 0
0 863671
863671 0
0 885045
30629 913503
972134 0
0 972134
0 972134
964303 7831
0 1055038
0 1055038
0 1055038
0 1055038
0 1055038
0 1055038
1109439 0
1127567 0
0 1156141
1156141 0
1156141 0
1212110 0
0 1262803
1262803 0
1262803 0
0 1262803
0 1262803
32696 1230107
48384 1249187
1297571 0
0 1297571
0 1297571
0 1348878
0 1348878
0 1364336
1367695 0
0 1367695
0 1367695
1 1367694
5386 1382350
0 1418624
0 1448645
0 1498482
1498482 0
0 1521452
0 1553521
0 1553521
1580054 0
0 1580054
1592893 0
0 1592893
0 1598904
1583446 15458
1 1644614
6011 1638604
1644615 0
0 1645913
0 1668620
0 1668620
0 1668620
1668620 0
0 1690417
1727854 0
0 1745463
1745463 0
1745463 0
15700 1729763
1745463 0
46833 1719703
1813703 0
0 1930098
3 1960988
0 1987747
2063274 0
0 2063274
0 2063274
25129 2045019
6850 2063298
2107733 0
2125472 3359
0 2128831
0 2128831
0 2147745
79738 2071216
0 2198318
2202447 4
1067022 1284576
0 2352363
0 2353434
13 2353421
2353434 0
2353434 0
0 2381529
0 2454017
2504361 0
2504361 0
2476361 28000
2504361 0
0 2534592
0 2534592
0 2534592
3 2543781
0 2543784
0 2543784
2619891 0
0 2679677
0 2724074
0 2782363
0 2782363
0 2822216
0 2827073
2827073 0
28000 2825239
2874995 0
2954781 0
1 2954780
4 2960944
39 2960909
3115002 0
0 3142622
0 3142622
0 3175125
3265188 0
0 3303131
3303131 0
3285860 17271
0 3348417
0 3382985
0 3382985
3382985 0
3382985 0
3403014 0
0 3514320
3527778 0
0 3527778
0 3527778
3505073 22705
0 3527778
26220 3501558
0 3527778
0 3527778
0 3529682
0 3529682
3536119 3279
29951 3624260
3688050 14246
0 3731404
0 3752781
3757528 22594
3780122 0
89045 3717602
3806647 0
2 3825443
21350 3804095
0 3854488
0 3854488
0 3891601
0 3893800
37777 3856023
4009 3889791
3893800 0
28493 3865307
3893800 0
2005 3907416
0 4061929
0 4061929
0 4061929
4021613 40316
12110 4070743
4082853 0
4080343 22065
27620 4074788
0 4102408
40316 4062092
4109230 15600
0 4124830
0 4124830
0 4151014
4183223 0
0 4183223
4183223 0
4193988 14246
0 4210960
4268904 3277
0 4283362
22705 4311035
0 4333740
24176 4326596
4338488 38311
0 4376799
0 4492557
302 4508282
4508571 13
0 4531867
0 4531867
34757 4506565
4541322 0
3 4561675
0 4561678
4577904 26220
0 4604124
0 4604124
0 4604124
0 4604124
18942 4585182
58467 4566728
0 4629158
4621299 7859
22707 4606451
41706 4627722
4669428 0
72628 4596800
0 4669428
0 4669428
20233 4649195
0 4669428
22545 4646883
0 4713667
4777015 0
4777015 0
0 4847163
0 4927956
20646 4907310
0 4927956
0 4980792
4980792 0
4923732 57060
4986717 0
20646 4972560
0 5031766
0 5033395
28300 5016862
66135 5021118
0 5087253
5087253 0
16878 5084760
0 5101638
0 5101638
10 5116891
5 5168301
5185606 2
5157509 28099
5185608 0
5192640 0
0 5197474
72628 5124846
5199963 0
5199963 0
5268388 1
6 5268383
5268386 3
4799 5269800
21753 5252846
0 5274599
0 5274599
5274599 0
30335 5282154
0 5314086
5286702 27384
0 5373379
30083 5343296
5373379 0
5307244 66135
5365618 7761
5354445 18934
0 5373379
5373379 0
4 5390170
5361965 28209
0 5399901
5393910 5991
2 5399899
0 5416218
5361211 66135
0 5442494
5508679 23772
0 5532451
31116 5536021
3254 5563883
5567137 0
7378 5575030
0 5582408
0 5645517
5667729 0
0 5667729
0 5667729
94039 5602357
0 5696396
5734660 0
5719202 15458
18443 5716217
5704325 30335
5734659 1
1 5734659
5706829 27831
11128 5723532
5647864 86796
0 5734660
6866 5788885
5776020 46192
0 5822212
5798297 23915
5851451 0
5877732 4626
0 5914983
68 5914915
40722 5939876
0 5980598
13736 5966862
22594 5970776
5963104 30266
0 6084111
14779 6090950
6105729 0
6115404 0
6115404 0
6016497 98907
0 6150668
6197341 0
0 6197341
6197341 0
0 6197341
1 6208276
207722 6000555
6238481 0
4701 6238138
6233511 30335
6263846 0
183675 6080171
27384 6236462
6293555 0
34087 6259468
11075 6282480
40700 6273824
0 6314524
16425 6300055
0 6316480
14776 6313454
0 6357790
6357790 0
6369902 22737
0 6392639
6439552 1
6438710 843
23778 6415775
0 6450565
0 6450565
0 6510410
0 6552093
20923 6575247
6579355 16815
52687 6554335
0 6607022
0 6623628
6634847 0
0 6634847
0 6644953
22594 6622359
52687 6592266
0 6644953
17271 6656339
15984 6657626
22738 6685267
0 6708005
6 6717622
6702850 31275
31607 6728053
6759660 0
6739388 20272
6759660 0
0 6777538
6777538 0
6777537 1
3 6808566
0 6820312
0 6875666
0 6875666
382 6885105
21389 6864098
18752 6866735
0 6885487
0 6903224
21598 6881626
0 6903224
0 6903224
0 6921258
6917749 3509
0 6921258
54328 6909684
0 6964012
18934 6974088
6993008 14
0 6993022
30983 7003908
0 7055946
7055935 11
164478 6923049
7087526 1
5 7117764
7119309 10
21759 7097560
0 7136411
2 7136409
28321 7108090
6 7136405
7136411 0
0 7154625
7126304 28321
0 7154625
10248 7160752
0 7171000
22594 7148406
0 7172080
14995 7157085
0 7172080
11538 7160542
0 7172080
41816 7130264
7141354 30726
1086 7170994
0 7172080
0 7225809
6371 7223905
0 7241368
12942 7254319
2726 7308165
56355 7267912
0 7339470
27782 7364334
0 7421477
13658 7446799
18786 7441671
0 7491445
7491445 0
11907 7479538
10 7492540
4355 7559167
0 7563522
0 7563522
0 7563522
7563522 0
18294 7545228
0 7626950
11922 7661663
9422 7685742
7650633 51826
7756536 9925
7672422 94039
27779 7738682
23918 7742543
7766461 0
0 7766461
0 7807400
10515 7796885
40698 7796798
7837496 0
7848043 5985
14779 7839249
164478 7732928
18786 7878620
7885589 16166
29951 7871804
