0 0
29551 0
29551 0
0 29551
4923 29551
88964 0
197186 0
197186 0
171906 25280
103621 93565
160702 77275
182307 55670
0 237977
160702 77275
189580 104763
199058 271696
356170 114584
470754 0
27959 470284
512319 0
313910 198409
53239 482989
508269 27959
337819 198409
53239 488073
510672 105647
342758 273561
504010 112309
356893 259426
616319 0
77293 539026
112309 549140
194811 466638
291847 369602
77293 605170
692867 22010
318193 396684
455250 259627
0 723958
388084 335874
412559 340476
235020 518015
413092 358914
96264 675742
732789 46930
420805 385910
298629 523718
206714 615633
231855 611325
89558 785478
660887 242733
43591 860029
446437 457183
641394 262226
354270 573705
326781 630787
190096 767472
27959 929609
953378 4190
190096 767472
70587 912686
1066556 0
724278 419295
208341 948782
238119 919004
608146 548977
278810 878313
737827 419296
906197 278810
650811 577492
689803 577359
874096 393066
1267223 22010
650810 638423
860928 465728
892829 507623
1441224 0
558947 915153
750775 723325
323069 1151031
716183 757917
940738 538212
781256 697694
517820 991774
977599 584666
603153 979962
386018 1227922
615491 998449
6002 1607938
255738 1358202
1298257 315683
867541 839014
1390872 315683
1206229 500326
645363 1061192
402016 1304539
500326 1209300
1035381 674245
871145 838481
1106882 602744
648434 1061192
1562611 160892
1285952 437551
1617551 130104
386009 1469899
176031 1725846
1500461 463407
1402151 561717
422557 1580001
0 2002558
740149 1316204
1581886 482193
1995062 106712
1710427 391347
86315 2025398
1746780 412444
1797309 361915
1812808 346416
1533025 626199
851846 1307378
1809713 381014
1554736 684025
1617008 621753
895938 1342823
1152312 1090968
1198032 1090173
2247882 40323
0 2288205
83394 2204811
609362 1678843
610332 1731838
1333116 1009054
390530 2000691
1665509 808794
1729259 854753
1681782 902230
1752753 831259
1830428 753584
1232015 1383220
1294154 1346071
825396 1814829
1423939 1216286
437570 2202655
1545223 1129186
2098907 575502
443064 2231345
939355 1750789
1880818 809326
390530 2330188
1060138 1660580
901057 1858621
193660 2651614
1833786 1011488
493172 2420561
192933 2760807
188335 2811084
1251850 1747569
1688557 1318641
480265 2526933
2934848 80323
42168 2973003
2479870 535301
224913 2888593
1094908 2018598
2784949 328557
1653070 1503611
0 3156681
121519 3066630
871859 2316290
1881913 1329479
225516 3006929
3164856 74050
3172169 76612
2543481 705300
1370101 1889614
1787919 1471796
436603 2823112
1682302 1592531
1145613 2144067
1507870 1781810
2952981 336699
598133 2719700
3140414 177419
2379604 987651
1682931 1684324
1543889 1823366
2066589 1323289
1917322 1480408
2930756 506728
1831100 1606384
980711 2518869
769921 2729659
769921 2745885
1012060 2503746
93269 3540786
1541865 2099075
1551949 2103423
329773 3375464
541633 3163604
2612896 1111689
1687738 2036847
1739941 1984644
1345325 2443238
2136481 1652082
3227538 613541
1639250 2201829
3503271 383177
892787 2997749
2535626 1385298
2107733 1817661
2252286 1673108
618160 3310201
2737185 1191176
2500281 1452495
1112990 2839786
1418079 2534697
656362 3296414
2462981 1579572
2681333 1364416
2635121 1489082
564738 3575324
3577529 581087
1042220 3224111
2622400 1643931
2202136 2076338
2419544 1874801
741784 3552561
885925 3408420
3313496 980849
1769627 2524718
3820602 473743
2990904 1365092
3030867 1325129
3646696 753208
753208 3657450
3393980 1016678
208305 4227331
2344292 2091344
381131 4054505
208305 4236450
352312 4141717
2397452 2128899
985950 3540401
3968412 557939
1779480 2746871
3639822 886529
2719590 1806761
523425 4002926
3854137 672214
2746872 1779479
3934990 647596
2112552 2485605
3692820 948396
1750312 2890904
4619206 22010
270467 4395532
1244009 3446160
852613 3837556
1974193 2773285
2134160 2634504
3882604 886060
886060 3882604
1976469 2792195
401382 4379500
2793480 2005752
492100 4307132
401382 4429641
211138 4652376
4652376 211138
1520616 3372091
266506 4626201
493844 4398863
2819838 2091814
1025413 3886239
2231597 2810749
3415727 1627302
4146309 896720
2696100 2375354
5051043 20411
1140332 3978423
3429888 1688867
183959 4934796
3412833 1727708
4583784 556757
2686608 2482394
501178 4691651
1700419 3537993
3979847 1263625
4292663 950809
4040447 1203025
876876 4366596
1515085 3728387
3877905 1365567
3593244 1650228
3532144 1711328
4100935 1146622
4370681 912548
957952 4325277
2863320 2436998
2498701 2801617
4736872 595291
110374 5221789
3694565 1685918
4009511 1370972
4302976 1096593
2126075 3273494
2369901 3148708
72366 5467310
1293753 4245923
596254 4976470
608345 4964379
1902738 3669986
3970410 1666715
542870 5117696
3149001 2511565
663825 5056838
3043760 2676903
4562349 1158314
4752618 968045
1730068 3990595
2925542 2795121
1937677 3817446
3468574 2286549
1962087 3815691
52209 5725569
216431 5591817
3532294 2275954
5476638 343327
2549383 3366871
1843988 4107445
794642 5156791
2719540 3231893
4803290 1148143
177048 5836996
4105681 1908363
716628 5328584
4969003 1076209
1790492 4257985
4450515 1597962
1470642 4600530
1250344 4873395
5473016 650723
3294351 2829388
161445 5962294
1727601 4396138
3320009 2804483
3927692 2196800
1908052 4223611
5443493 701151
4785914 1369632
5071249 1144437
3826058 2400549
3023589 3215630
3475243 2819938
793651 5538796
5433856 898591
1902456 4429991
1208598 5123849
1417624 4914823
3490954 2874299
1630601 4734652
1318963 5097188
5870028 546123
3838175 2577976
381993 6072556
5357185 1097364
2529062 3925487
4705767 1778069
4548914 1969327
4398469 2119772
409694 6108547
6439910 78331
6247164 351164
1131193 5467135
3600217 2998111
5457824 1257160
6354876 360108
5073794 1641190
6227792 507166
176470 6558488
3448270 3299391
5451046 1296615
3555580 3206258
2454487 4341439
1228572 5567354
2140070 4655856
3125039 3670887
5462194 1352518
5394839 1451597
3827507 3018929
1915123 4931313
1222094 5624342
93356 6753080
3061151 3785285
5540156 1318030
3907691 2950495
5795640 1062546
2216437 4641749
5026049 1832137
1096955 5771094
1327891 5540158
6652144 248060
2204678 4695526
2563919 4336285
1072409 5845208
5036922 1880695
3516541 3415113
2198443 4733211
1425555 5516074
2847312 4094317
6334402 607227
6242460 699169
4664394 2277235
6693566 248063
1134891 5857155
1155607 5884039
1447184 5592462
4256554 2800246
360108 6716010
3795488 3280630
809855 6266263
4179156 2896962
6285029 791089
916428 6159690
856169 6219949
1606171 5469947
5158951 1949032
6405692 733855
2897268 4263322
3987389 3206015
7096676 96728
4995367 2198037
4455755 2737649
473734 6719670
1376201 5887092
4215848 3155704
7314473 57079
2077712 5293840
4354610 3016942
5738141 1678237
6201247 1215131
4596110 2820268
2010003 5406375
1443580 5992734
6397941 1038373
2413575 5051696
3114777 4350494
4039388 3511580
6585864 965104
4251219 3299749
6877532 692563
6049558 1520537
6647843 965098
142037 7470904
4454717 3158224
2324408 5288533
1234293 6454537
6026718 1662112
877693 6811137
6894448 820611
79089 7635970
3990841 3724218
1171811 6606784
6423531 1355064
5914307 1930471
6464057 1380721
5698151 2183466
5887288 1994329
6038749 1842868
4694321 3187296
4216335 3721664
1613163 6325867
2501797 5484032
4509534 3476295
7097649 892610
6101140 1889119
3923418 4116863
4171339 4021174
6729715 1514280
6206709 2042876
2072121 6228149
1377469 6946519
7489329 834659
7526625 797363
4384195 3939793
4809487 3522606
2366185 5992880
6262629 2096436
6464658 1894407
7492508 866557
7773145 585920
2739923 5619142
