500000
499999
500000
500001
500001
500001
500001
500002
500002
500000
500001
500003
500000
500001
500000
500000
500004
500000
499999
500000
500005
499999
500002
500005
500004
500003
500002
499999
500002
499999
500000
500001
500004
500003
499997
500006
500000
500001
499999
499998
499998
500002
500007
499997
499997
499997
499995
499996
499998
499997
500001
500003
500003
500007
500004
499994
499995
499997
499991
499997
500003
500000
499997
499997
500006
499999
500002
499998
499996
500004
499994
499998
500008
499991
499999
499998
499998
499998
499998
500004
500006
499999
499992
499996
499994
499992
499998
500012
500005
500001
500004
500000
500001
500007
499996
499995
499994
499996
499998
500007
499996
500014
500003
499996
499988
500000
500000
500004
499994
499997
500007
500006
499996
500014
500003
499986
500000
499997
499996
499992
499992
500002
500012
500003
500012
499997
500001
499999
499991
499998
499995
499996
499989
499997
500005
499989
500000
499993
499995
500003
500011
499987
499988
500000
500002
499995
499994
499982
500001
500001
499983
500001
499998
500003
500000
499998
499990
500001
499997
500000
499999
499982
499990
499995
499997
500003
499998
499995
499999
499994
499998
499996
499994
499985
499994
499995
500001
499996
499996
499989
500011
499988
499987
499991
500002
499998
500003
499994
500001
499999
499997
499999
500001
500004
500010
500003
500004
500001
500006
499999
500008
499996
500008
500006
500003
500007
499998
499997
499998
500002
499997
500009
500000
500006
500007
499995
500008
500009
499997
500018
500011
499993
500011
499998
500016
500000
500009
499997
499999
499995
500004
500002
500006
500004
500000
499999
500000
500011
499999
500003
500001
499999
500002
500005
500004
499998
500009
500003
500013
499992
499989
499996
499991
500004
499986
499995
499996
499999
500007
499989
499996
499986
499987
499996
500001
500018
499996
500003
500000
499995
499991
500003
499997
499979
499983
499976
499988
499996
499999
500000
499989
499994
499997
500008
499979
499981
499980
499985
499979
500018
499994
499978
499976
499989
499999
500009
499989
499980
499976
499994
499991
500008
499999
500009
499998
500006
500001
500005
500009
499994
500019
500007
500001
500012
499994
499999
500002
500015
500003
500002
500003
500010
500003
499988
500001
499999
500021
500018
500005
500010
500003
500007
500015
500017
500009
499997
500005
500018
499999
500005
500006
500000
500008
499999
499990
500000
500014
499992
500001
499999
500009
500001
500019
500011
500025
500012
499994
500009
499994
499995
500002
500004
499982
500007
500006
499992
500004
500008
500014
500011
499983
499996
500008
500013
500003
500016
500014
499982
499996
500020
500001
499988
500017
499995
499988
500011
500000
500000
500005
499981
500010
500003
500005
499979
500015
499998
500014
500016
499994
499991
500012
500010
499977
499999
500006
499998
499993
500001
500003
500019
500016
499999
499997
499973
499995
500011
499973
500010
500014
500006
500022
500002
500007
500013
499989
500005
499997
499989
500010
500009
500019
500006
500007
500002
499989
499997
500001
500000
500010
500003
500005
500007
499999
500000
500008
500010
500003
500013
500005
499983
500012
500011
500006
500011
500010
500004
499995
500003
499995
500015
500002
499981
499983
499988
500012
500001
499985
499998
500013
500014
499998
500017
499992
499993
500003
500006
500017
499977
500029
500017
500023
500008
499997
500015
500012
500001
500022
500012
500000
499987
500026
500026
500024
500011
499992
499984
499999
500025
499992
500001
500011
500024
500000
500008
500021
500027
500015
499989
500018
500007
499988
500004
500017
500031
500015
499996
500010
499996
500004
499995
500015
500030
499999
500035
499980
500021
500019
500023
500018
500017
500031
499983
500019
500032
500032
500033
500031
500010
500001
500031
499992
499989
500026
499983
500031
499989
500043
500034
500001
500003
499989
499987
499993
500015
500011
500028
499974
500003
500006
500018
500023
500000
500030
500032
499977
499984
500006
499997
500029
499995
500028
500010
500027
500006
499981
500017
500017
500044
500030
500037
500013
499994
500037
500042
499997
500039
499998
500019
500037
500037
500002
500031
500030
500011
500018
500048
500043
500026
500018
500037
500021
500009
500022
500030
500037
500024
500023
500039
500019
500046
500015
500018
499996
500016
499993
500030
500059
500033
499999
500045
500023
499999
500040
500017
500051
500013
500043
500031
500015
500020
500030
500046
500013
500016
500047
500023
500012
500035
500047
500034
500027
500026
500038
500055
500011
499996
500047
500040
500054
500020
499996
500022
500043
499997
500008
500022
500047
500035
500009
500046
500006
500015
500052
500005
500026
500024
500004
500015
500053
500051
500011
500000
500001
500019
500035
500025
500002
500048
499999
500016
500014
500054
499999
500046
500003
500000
500047
500018
500024
500082
500002
500070
500030
500000
500080
500002
500030
500002
500059
500066
500046
500072
500015
500056
500024
500060
500000
500056
500029
500030
500017
500001
500075
500027
500007
500018
500076
500064
500015
500061
500062
500041
500038
500024
500075
500018
500064
500002
500015
500056
500007
500010
500025
500057
500026
500051
500031
500009
500024
500017
500007
500027
500000
500006
500006
500052
500003
499998
500055
500021
500009
500061
500035
500004
500051
500014
500072
500038
500073
500066
500009
500006
499996
500061
500011
500065
500051
500023
500075
499998
500046
500006
500051
500054
500061
500029
500042
500009
500013
500056
500025
500035
500028
500008
499999
500031
500050
500062
500030
500022
500036
500014
500057
500043
499995
500012
500041
500004
500060
500000
499996
500025
500023
499999
500000
500028
500006
500015
500058
499998
499994
500010
500010
500012
500028
500009
500033
500025
500024
500061
500051
500009
500065
500019
499996
500019
500017
500027
500035
500041
500025
500011
500025
500010
499995
500065
500029
500032
500051
500022
500010
500056
500005
500035
500003
500003
500014
500029
500018
500039
499997
500014
500064
500066
499998
500022
500018
500011
500014
500052
500021
500031
500004
500044
500027
500024
500026
499998
500040
500002
499998
500003
500018
500019
500040
500067
500057
500044
500022
500015
499990
500045
500014
500004
500063
500035
500074
500001
500001
500000
500029
500015
500008
500023
500006
500016
500054
500031
500019
499996
500057
500002
500002
500061
500021
500024
499998
500000
500019
500019
500018
500017
500029
500035
500028
500046
500032
500024
500016
499997
499997
499994
500003
500000
500024
500017
500022
500064
500062
500048
500027
499994
499999
500021
500008
500052
499995
499989
500012
499996
500000
500042
500006
500038
500005
500015
500006
499998
500055
499999
499992
500005
500013
500012
500022
500007
500036
500038
500039
500055
500040
500022
500060
500023
500029
499997
500008
500017
500015
500010
500021
499996
500001
500013
500012
500025
500015
500015
500057
500018
500024
500028
500029
500030
500048
500021
500052
500009
500017
500004
499998
500003
499996
500019
499999
500014
500016
500013
499995
500027
499999
500026
499997
500028
500016
500011
500051
500001
500016
500007
500012
500000
499998
499999
499996
500014
500016
500034
500045
500025
500012
499997
500049
500023
500011
500002
499998
500042
500014
500019
499997
500041
500005
500007
500004
500022
500014
500027
500017
499986
500016
500003
499990
500008
500005
500004
500009
500034
500007
500017
500036
500020
499993
500026
500020
500003
499997
500027
500054
500011
500038
500008
500040
500019
499999
499996
500007
500004
499999
500000
500005
500033
500027
500011
499996
500029
500029
500016
500020
500036
500009
499996
500017
500051
500016
500039
500041
500044
500053
500037
500047
500058
500002
500067
500045
500028
500065
500053
500021
500001
499999
500005
500041
500001
500010
500021
500031
500023
500019
500003
500037
500008
500012
499994
500013
500018
500026
500003
500013
500033
500006
500007
500048
500021
500033
500019
500029
500011
500027
500038
500007
500030
500012
500013
500040
500032
500018
500009
500014
500020
500003
500013
500001
500040
500055
500034
500006
500003
500004
500034
500047
500032
500058
500014
500001
500005
499998
500033
500034
499999
500038
500019
500009
500007
500048
500007
500034
500001
500004
500013
500010
499997
500008
500011
500030
499998
500011
500008
500030
500019
500009
500002
500022
500000
500016
500044
500013
500004
500018
500009
500027
500015
500056
500018
500007
500006
500003
500038
500024
500058
500015
500020
500017
500028
500013
500034
500004
500038
500059
500033
500028
500014
499992
500014
499992
500020
500046
500012
500003
499999
500002
500015
500004
500008
499998
499997
500014
500009
500038
500009
500019
500020
499993
500003
500038
500034
500053
500028
500053
500029
500019
500029
500012
500039
500055
499987
500010
500058
499993
500018
500030
500022
500049
500003
499999
500024
500000
499994
500047
500016
499991
499990
499995
499988
499992
500003
500016
500038
500019
499999
500016
500029
500011
500014
499995
500042
500046
499990
500011
500029
499997
500030
500018
500015
499988
499999
499999
499987
500025
500016
500022
499988
500024
499987
499995
500040
500013
500031
499983
500011
500004
500002
500010
500011
500030
499984
500028
500016
500020
499992
499986
499988
500028
500013
500017
500008
500023
500018
500017
500006
499999
500024
500008
499988
500032
500009
499983
499993
499995
500028
500029
499982
499995
500021
499992
500034
500022
499998
500033
499998
500035
499995
500027
500007
500039
500021
499996
499996
500010
500011
500021
499994
500027
500044
500013
500002
499988
499995
500011
500014
499991
500033
499993
500036
500032
500019
500008
499995
500036
500008
500014
500008
500021
500028
499973
500002
499998
499990
499997
499985
500003
500018
499992
500014
499985
500035
499993
500019
500017
499991
499993
499992
499995
499971
500005
499990
500033
500005
500004
500028
500019
499988
500024
500036
500024
499994
500021
499999
500003
500027
500003
500005
500027
500051
500012
500035
500019
500037
500026
500034
500009
500031
500030
500016
500003
500009
500022
499996
500020
500001
499985
500009
500008
500010
500011
500032
499996
500022
500006
500009
500018
499983
500007
499995
499998
500011
500034
500025
500013
499991
500001
500014
499984
500011
499999
500031
499996
500004
499997
500003
500010
499993
500004
500034
500017
500011
500031
499978
500014
500015
499982
499991
500025
499995
499987
500014
500021
499977
500013
500026
499985
499983
500015
500030
500002
500011
500036
500015
500022
500014
500016
500016
500012
500004
500031
499993
500009
500033
499998
500005
499994
500017
500013
500011
500019
500021
500006
499991
500016
500028
500017
500007
500021
499982
499979
499985
499986
500008
500016
500013
499989
499988
500013
500007
500028
500033
500019
499991
500012
499982
500009
500009
500005
499988
499993
500015
500010
500033
500015
500004
499997
500012
500005
500007
500010
500029
500023
499986
500006
500010
500034
500000
500004
500010
500013
499994
500041
500019
500006
500024
500001
500014
500007
499999
500015
500000
500012
500027
499984
500022
500016
500004
499974
499990
500023
500036
500008
500023
499975
500032
499991
500023
500018
500010
499992
499990
499993
499997
499991
499984
500026
500005
500023
500037
499987
500004
500006
500004
499996
500017
499966
499989
500037
500015
500016
500018
499995
500010
500017
500032
500035
500004
500000
500030
499992
499998
499984
500013
499989
499995
500013
500026
500021
500018
500025
500017
499995
500030
500011
500003
500006
500022
500021
500014
500038
500024
499981
500019
500012
499997
500019
500019
500005
500025
500003
499982
500020
500024
499979
500031
500007
500011
500022
500017
499975
500022
499978
500015
500036
500027
500025
500028
499986
499992
500009
499999
500003
500030
499976
499985
500016
499977
500024
500015
500001
499981
500033
500009
500008
500035
500027
500004
500008
499991
499986
500013
500035
500000
500017
500004
500019
500027
500020
499980
499979
500035
499999
500012
500035
500027
500031
500037
499987
500015
500015
499973
499991
500010
500016
500024
500007
500001
500014
500005
500012
500015
500032
500024
500029
500030
500013
500015
499994
499971
499990
499978
500007
500035
500010
500030
500014
499985
500017
500031
500032
500023
500005
500010
500036
500017
500026
500020
500023
500024
500004
500022
500025
500023
499974
500021
500028
500030
500030
500018
500017
499973
500022
499992
500004
499992
500032
499976
500007
499975
500023
500004
500009
500016
500005
500002
500007
500025
500031
500014
500001
500024
500014
500028
500036
499988
500008
500013
500001
500010
499994
500021
500010
499988
500016
500010
500017
500011
499960
500002
499967
500011
500028
500011
500023
500025
500008
499968
499968
500003
500012
500015
499987
500026
499968
500019
500018
500006
500021
500008
500020
500004
500000
499996
500002
500006
500030
500015
499960
500014
500025
500019
500023
499998
500033
499999
499984
499995
500002
500039
500005
500003
500011
499988
500037
499963
500001
500016
500033
500014
499967
500008
499972
500012
500016
500004
500021
500006
500022
500000
500029
499967
499991
500016
500014
500022
500014
500032
500015
499996
500023
500011
500027
500037
500037
499976
500027
499995
499994
500016
500031
499957
500014
499993
500019
499961
500030
499976
500001
500017
500032
500011
499967
500012
499993
500003
499971
499960
500032
500046
500014
500039
500030
500010
500015
499984
500027
500019
500014
500023
499962
500011
499999
500037
500025
500015
500001
500031
499996
500027
499999
500008
500028
500023
500014
500043
500025
500032
500003
500026
500021
499983
500024
499977
500013
499970
500012
500012
499991
499982
500037
500051
499999
500025
500038
500028
499964
500038
500001
500020
500022
499979
500051
500004
500033
499998
500007
500002
500009
500054
500002
500035
499999
500016
500025
500028
500018
499961
499987
500031
500041
499980
500002
500011
499962
500026
499969
500025
500040
500024
499999
500001
500033
500041
500044
500018
500002
500008
499962
500048
500034
500031
500028
499999
500040
499999
500014
500012
500034
500036
500028
500024
499989
499997
500025
500007
500028
500025
499981
500011
500040
500029
500015
500042
500035
500012
499966
499963
500006
500037
499994
500022
500037
500015
499993
499959
500026
500031
500044
499962
499996
500005
499973
499975
500008
500007
500030
500005
500006
500030
499987
499985
500023
500035
500049
499996
500051
500011
500015
500042
500018
500040
500040
500022
500012
500015
500055
500028
500003
500050
500031
499973
500034
500023
500021
500061
500041
499992
500008
500049
499999
500067
500013
500037
500022
499970
500051
500041
499970
500058
500021
500022
499989
500016
499987
500015
499989
499966
500006
500043
499964
500007
500056
499961
500039
499989
500016
499962
500040
500030
500014
500052
500062
500038
500017
500045
499995
499995
500054
499967
500046
500050
499962
500013
500014
500032
500042
500051
500017
500037
500019
500032
500021
500031
500004
500017
499988
500027
500019
499991
500044
500013
500022
500001
499985
500042
500012
500004
500006
500063
500025
500052
500029
499964
499997
500072
500003
500060
500025
500003
500037
500028
500012
500040
500036
500003
500025
500065
500055
500038
499991
499987
500017
499994
499985
500009
500006
499958
500048
500041
499960
499986
500009
500036
500009
500042
499970
500041
499962
500045
500008
500015
500022
500014
500044
500015
499989
500042
500055
500050
500018
500040
500037
499985
500025
500010
500009
500000
500032
500042
500016
500026
500039
500004
500025
500030
500039
500045
499984
500039
500042
499998
499995
500071
500056
500016
500047
500024
500023
500045
499981
499992
500032
500031
500001
500015
499996
500045
500006
500035
500025
500021
499989
500012
500034
499983
499980
500015
499999
500022
499996
499987
500035
500032
500017
500027
500014
500013
500055
499977
500044
499990
500028
500038
500062
499985
500026
500010
500041
499976
500038
499973
500016
500017
500017
500041
500047
500028
500017
500034
500033
500014
500015
500005
500046
500014
500056
500052
500071
500014
500049
500044
500046
500013
500022
500008
500064
500023
500077
500056
500014
499989
500029
500012
500032
500029
500035
500036
500058
500030
500021
500031
500060
500056
500045
500059
500034
500024
500026
499993
500035
500046
500017
500018
499983
500048
499991
500008
500019
500055
499981
500014
500007
500028
500054
499980
500040
500019
500041
500028
500053
500037
500028
499978
500023
500034
500000
500019
500012
500031
500062
500036
500013
499990
500001
500028
499971
499974
500028
499977
500028
500021
500032
500026
500027
499983
500037
500018
500052
499965
499999
500040
500041
500014
500010
500036
500017
500022
499968
500016
499975
500051
500020
500032
499988
500039
500024
500017
499979
500015
500014
499994
500013
499984
500044
500050
500017
500013
500046
499998
499990
500014
500034
500033
500010
500041
500055
499964
500052
500015
500009
500054
500037
499988
500031
500032
500039
500025
499993
500057
500046
500007
500036
499983
500023
500007
500038
500009
500030
500045
500031
499971
500012
500037
500011
500005
499980
500005
499959
499997
500013
499993
500024
499966
499977
500020
500018
500032
500013
499984
499980
499997
500033
499990
500023
500011
499998
499981
499998
500003
500006
500014
500001
500001
500017
500013
500023
499965
500004
499973
500004
499964
500017
500030
500018
500020
500009
499999
500022
500005
500022
500020
500038
500025
500006
500015
500013
500023
500024
500011
500019
500044
500025
500002
500026
500012
500014
500005
500016
500038
500024
499992
500016
500035
499977
500005
500023
500024
499991
500013
500009
500033
500015
500026
500014
499977
499997
500029
499995
499983
500000
500025
499967
500017
500021
499983
500008
500018
500021
500024
499973
500012
499958
500013
500004
500008
500019
500006
500018
499995
500031
500022
499981
499994
499987
500010
500002
499958
500026
500023
500006
500003
499989
500035
499989
500025
499989
500023
500007
500007
499957
499983
500011
500006
499981
499995
500027
500010
500011
500009
499989
499994
500008
500014
500002
499999
500000
499955
500026
499966
500012
499994
499996
500016
499977
500015
500025
500003
500014
500009
499964
500026
500003
500020
500004
500009
500015
499965
500023
499961
500023
499977
499961
500025
499977
500003
500012
500037
499958
499991
499990
500009
500040
499989
500004
499963
500003
500021
500017
499976
500003
500023
499995
500012
500028
500035
500015
499968
500018
500012
500026
499991
500006
499993
499985
500025
499994
499993
499981
500017
500025
499981
499984
500013
500037
500027
500021
500008
499999
500025
500015
500024
500001
500046
500015
500014
500002
499992
500012
500040
500038
500007
500018
500002
500024
500010
500042
500000
499965
500004
499959
500036
500013
500015
500002
499974
500026
500004
499997
500023
499994
500021
499965
499998
499978
500016
499983
500036
499960
500034
500013
500002
500025
499971
499961
499987
500012
500030
499987
499969
500016
500034
499987
500020
499994
500014
499972
499991
499972
500035
499999
499980
500031
500037
500012
499983
499990
500007
499982
499990
499992
499981
499992
499987
499997
499949
500002
499992
500029
500024
499947
500023
499946
500019
500017
499955
499991
499993
499998
499950
499951
500006
500023
499963
500005
500004
499996
499951
499940
499960
499993
500014
500005
499952
500012
500017
500001
500017
500007
500032
499983
500028
499950
500033
500022
499986
500003
500003
499971
499981
500009
500004
499986
500022
499981
500021
499976
500009
500006
500019
500029
500002
499975
499979
500011
500026
499988
499993
500029
499970
499965
499996
499950
499953
500001
500002
500001
499997
499983
499943
499975
499955
500037
500004
500034
499992
499984
500012
499957
500007
500022
500023
500028
500010
500025
500019
500015
500022
499996
499983
499989
499970
499991
500012
499990
500007
499978
500022
499994
499970
499973
500024
499986
499974
499958
499939
499990
500009
499993
499988
500034
499998
499996
500038
499984
500008
500018
500020
500031
499959
499971
499997
499969
500028
500023
500022
499997
500028
