100 21 51
3 1
36 13 39 98 
19 2
36 21 24 19 57 56 76 33 25 34 38 60 44 61 50 40 59 82 77 5 
5 10
57 83 4 85 32 47 
1 2
32 89 
1 1
19 72 
5 1
33 29 81 96 15 58 
3 3
25 88 45 51 
2 1
45 22 7 
2 2
22 100 55 
3 2
7 75 26 91 
1 2
38 90 
2 2
61 87 79 
1 1
44 86 
5 2
50 20 9 69 52 31 
1 2
9 27 
5 10
27 71 48 70 63 30 
1 1
40 35 
2 2
59 95 65 
1 1
34 64 
2 4
82 73 49 
1 1
73 93 
2 1
93 3 99 
3 3
76 8 97 66 
2 2
56 42 41 
1 2
24 23 
1 2
21 12 
6 12
5 18 11 94 46 10 54 
5 10
77 43 84 67 28 68 
1 2
36 62 
2 1
62 80 14 
5 1
80 37 6 92 1 74 
1 2
6 17 
1 1
92 16 
1 2
37 2 
2 2
1 53 78 
8 2
94 16 90 28 4 74 91 56 65 
6 6
76 81 46 12 33 68 88 
9 6
11 22 96 75 80 45 88 83 25 57 
3 6
39 62 67 54 
5 1
84 34 57 51 26 92 
7 1
11 7 32 88 54 86 50 22 
6 12
20 48 84 47 18 14 68 
8 8
14 71 41 74 53 94 55 25 60 
2 4
82 46 75 
1 2
51 81 
5 10
2 29 10 5 87 35 
4 1
25 16 96 56 59 
9 9
87 32 45 48 46 1 66 7 35 69 
9 6
82 54 47 85 75 73 26 28 13 55 
1 1
26 21 
2 2
55 16 47 
1 1
70 63 
1 1
57 24 
5 10
73 21 42 94 82 24 
7 1
18 100 93 94 41 2 75 65 
2 2
71 16 2 
