946 366 166
2 1
575 369 560 
4 1
575 466 870 878 868 
8 8
868 673 708 932 4 832 13 597 610 
1 1
708 615 
4 8
615 861 551 812 621 
3 1
861 218 22 659 
4 8
659 349 865 200 584 
5 10
349 231 797 643 525 680 
6 6
525 116 636 456 522 742 130 
1 2
742 365 
4 2
365 578 683 505 329 
2 1
505 286 216 
1 1
286 882 
10 1
216 711 662 672 41 637 815 67 770 808 135 
2 1
711 465 738 
2 1
465 570 765 
9 1
738 441 526 2 330 214 247 232 72 801 
1 2
505 824 
3 2
683 798 719 277 
11 1
719 647 445 825 484 138 604 687 314 848 519 894 
1 1
484 623 
5 2
623 573 836 819 84 884 
1 1
573 73 
7 2
73 652 712 317 544 804 485 720 
1 2
573 198 
4 4
198 123 718 379 253 
1 1
277 810 
1 1
798 189 
1 2
742 619 
2 2
619 270 914 
1 1
522 788 
13 1
788 12 942 64 86 913 911 45 751 281 681 726 510 489 
1 2
86 909 
10 10
909 165 327 630 803 611 840 240 696 891 76 
1 1
803 821 
10 20
821 757 53 71 731 370 664 185 666 96 410 
1 2
165 497 
26 2
497 229 39 691 714 233 58 724 243 495 842 372 764 341 228 310 351 754 99 77 161 209 137 266 702 242 152 
1 1
137 29 
8 8
29 644 320 295 934 608 306 139 382 
1 1
86 447 
9 3
447 716 391 315 94 512 160 903 928 381 
3 2
456 43 491 846 
2 4
43 461 202 
2 4
461 885 305 
1 1
885 70 
2 2
305 774 809 
1 2
774 541 
3 6
541 235 93 639 
2 1
846 477 149 
1 1
477 141 
5 1
141 172 204 490 150 502 
3 6
204 900 328 409 
9 3
328 398 496 452 668 665 140 735 713 413 
1 1
398 134 
5 1
134 129 583 307 91 833 
2 2
91 690 856 
4 4
690 901 375 220 700 
8 8
856 196 332 598 366 347 430 154 596 
1 1
583 530 
19 1
530 813 916 360 829 852 545 377 353 546 212 153 269 19 688 486 357 864 686 267 
2 4
852 187 54 
3 6
187 292 254 103 
12 24
54 603 219 897 331 787 458 896 872 17 454 257 121 
1 2
257 513 
3 3
513 262 654 540 
1 2
257 105 
13 13
105 707 268 880 875 935 814 171 346 783 81 881 78 261 
1 2
783 773 
7 7
773 777 287 805 671 500 555 756 
1 2
140 298 
5 10
298 371 363 396 48 238 
6 1
900 613 227 859 108 264 167 
1 1
613 414 
5 2
414 157 318 387 492 184 
3 6
409 858 930 207 
2 2
858 173 929 
9 2
929 828 556 20 263 895 24 750 557 178 
1 1
20 771 
2 4
771 221 92 
1 2
221 303 
7 14
303 385 111 40 871 345 408 234 
1 1
173 62 
1 1
477 645 
6 4
491 877 566 616 685 580 919 
1 1
580 403 
2 1
403 35 518 
1 2
685 18 
10 4
18 576 706 367 435 863 609 309 249 361 472 
2 2
877 633 538 
14 1
633 547 82 304 574 822 648 796 236 83 850 55 213 358 421 
20 4
538 38 122 325 460 558 922 324 478 920 208 79 694 723 515 826 501 364 289 422 802 
1 2
456 831 
6 6
831 386 599 607 163 36 273 
1 2
386 415 
7 2
415 517 674 542 768 591 941 503 
4 2
674 1 766 258 102 
8 8
102 300 730 536 785 412 493 155 203 
2 2
730 288 85 
8 1
85 49 101 684 697 917 158 827 725 
2 2
158 661 653 
1 1
661 192 
3 3
288 946 938 61 
1 1
300 419 
2 2
419 166 80 
1 1
166 311 
2 1
311 535 65 
6 12
535 784 534 628 587 511 423 
5 5
587 401 333 416 905 487 
2 2
401 384 729 
6 3
729 933 175 146 807 244 849 
1 1
146 109 
6 12
109 565 789 837 752 476 336 
1 1
476 625 
4 4
625 194 629 612 136 
7 2
384 106 7 528 886 225 749 440 
1 2
749 841 
7 7
841 115 689 585 125 383 904 559 
15 3
511 282 793 142 159 651 617 601 164 23 554 322 606 144 562 467 
1 2
23 180 
2 1
180 508 87 
1 1
508 734 
6 3
734 272 224 246 459 355 791 
1 1
459 352 
8 4
352 543 830 816 786 795 631 239 446 
2 4
159 887 334 
7 7
887 678 890 312 33 862 737 8 
1 2
33 532 
2 4
532 899 151 
1 2
899 6 
1 1
899 179 
11 2
179 63 568 470 820 855 393 255 692 715 860 14 
15 30
334 457 274 632 350 308 362 769 373 183 223 650 26 407 480 923 
1 2
362 772 
12 12
772 705 906 448 420 132 394 294 656 417 443 626 259 
1 2
656 912 
11 2
912 563 197 494 589 265 230 193 276 722 211 925 
1 2
26 399 
11 1
399 498 499 299 52 374 339 388 698 851 110 340 
3 6
628 439 516 217 
1 2
516 390 
4 1
390 51 717 889 169 
2 2
423 778 30 
1 2
778 943 
5 5
943 215 823 338 561 462 
3 1
534 450 291 704 
1 1
450 811 
4 8
811 677 319 68 431 
6 2
784 602 400 520 481 107 404 
1 2
258 571 
2 2
766 747 593 
5 10
1 679 438 818 97 908 
1 2
386 471 
7 7
471 406 47 188 638 595 524 663 
2 4
188 843 475 
2 1
475 741 936 
1 2
843 434 
1 1
643 425 
11 22
680 451 3 455 641 763 907 509 745 838 760 237 
1 1
3 703 
3 2
703 313 199 88 
1 2
313 921 
3 6
921 699 402 252 
1 2
402 145 
3 2
145 427 279 527 
1 2
279 168 
28 2
168 147 16 582 156 44 429 634 469 95 675 937 658 186 28 206 463 321 195 290 746 800 449 389 10 210 577 436 27 
1 1
745 682 
10 1
682 424 600 181 126 5 301 910 792 572 148 
1 2
797 127 
2 2
231 781 190 
1 1
349 37 
7 7
37 667 549 594 114 780 733 205 
4 8
22 790 113 222 69 
1 2
222 118 
1 1
118 569 
1 1
113 853 
5 5
853 775 552 806 120 876 
1 2
120 59 
4 2
59 779 553 867 251 
1 2
113 285 
6 12
285 521 473 646 378 657 782 
1 1
378 533 
4 4
533 488 744 344 464 
2 2
218 280 131 
1 2
551 727 
2 4
727 732 869 
1 1
732 397 
5 2
397 892 482 376 337 755 
3 1
932 740 143 640 
2 1
143 119 676 
1 2
119 695 
2 2
695 348 104 
2 4
640 444 761 
1 2
444 531 
6 12
531 380 260 432 743 579 874 
1 1
740 728 
1 1
13 537 
1 2
537 834 
1 2
878 191 
7 2
870 356 284 245 927 924 748 343 
1 1
924 474 
5 1
474 354 857 316 642 335 
1 1
642 182 
6 2
182 250 433 649 256 428 817 
4 4
466 133 437 548 879 
1 1
369 418 
5 10
418 98 529 514 241 124 
1 2
98 74 
8 4
74 66 170 794 939 567 504 915 60 
1 2
66 278 
3 6
278 31 296 758 
1 1
31 57 
3 1
57 177 866 90 
1 2
866 883 
4 8
883 590 128 581 655 
1 2
590 293 
2 1
293 507 342 
1 2
507 411 
3 2
411 839 506 799 
1 2
506 395 
1 2
395 9 
1 2
581 442 
2 4
442 468 162 
1 2
31 844 
11 11
844 588 627 893 539 302 483 405 46 721 926 550 
1 1
405 15 
6 6
15 710 776 100 25 918 902 
1 1
776 660 
14 28
660 762 479 359 753 709 854 297 693 174 945 701 620 523 736 
3 2
709 56 426 226 
1 2
426 248 
10 4
226 42 117 622 898 586 670 201 50 847 32 
7 1
56 326 283 888 75 940 112 453 
1 2
100 323 
13 2
323 624 618 11 392 21 564 669 944 845 614 605 739 767 
1 2
926 275 
2 4
275 835 592 
1 2
567 931 
8 1
931 368 34 89 635 759 271 873 176 
3 2
95 503 654 631 
3 3
792 9 620 398 
1 2
875 837 
1 1
718 46 
5 5
875 877 509 364 486 612 
2 4
301 780 475 
1 2
448 573 
6 4
335 623 747 637 343 578 388 
11 22
192 710 286 348 105 544 374 589 367 183 96 851 
2 2
493 50 319 
1 2
679 303 
1 1
283 622 
1 2
413 610 
2 2
603 452 208 
7 14
326 293 834 650 69 859 395 435 
5 5
563 304 946 83 434 898 
1 1
628 297 
1 1
10 806 
4 1
393 793 545 682 630 
3 1
891 773 64 9 
3 2
299 483 812 770 
1 1
925 278 
2 2
695 910 103 
1 1
159 131 
3 1
52 628 864 11 
6 3
695 693 698 135 5 854 392 
1 2
272 641 
3 3
524 861 833 794 
2 2
679 255 156 
7 2
443 752 685 368 800 351 596 147 
2 4
866 243 829 
1 2
486 383 
5 10
914 331 514 726 455 73 
2 2
376 595 708 
2 1
264 328 691 
5 5
939 60 42 942 219 87 
1 2
392 44 
3 3
889 924 780 873 
2 2
281 616 832 
3 3
637 846 440 288 
1 2
55 718 
1 2
555 841 
4 2
905 516 858 443 637 
1 2
501 542 
4 8
553 458 530 539 505 
9 9
918 719 264 224 737 307 96 881 419 364 
1 2
488 751 
3 1
354 831 509 628 
5 1
83 383 307 862 239 890 
4 8
150 653 564 196 235 
3 2
166 98 593 332 
3 3
126 714 56 660 
7 1
177 674 389 189 147 507 16 692 
5 10
599 795 546 703 144 8 
10 10
17 901 946 248 694 454 723 145 476 601 559 
2 1
844 689 360 
2 2
912 915 283 
2 2
590 354 778 
3 2
645 586 675 541 
3 1
533 181 571 615 
1 1
141 662 
2 2
240 727 140 
1 1
692 319 
1 1
569 788 
3 6
242 238 323 52 
2 2
162 618 592 
1 1
895 764 
3 6
9 274 821 853 
2 1
304 573 806 
3 1
631 323 294 226 
3 6
891 414 429 481 
2 2
906 332 785 
7 2
473 563 353 227 207 328 613 621 
1 1
327 832 
3 2
651 768 766 823 
3 1
563 372 640 464 
1 2
711 383 
1 2
594 479 
1 2
671 565 
2 4
746 373 808 
4 8
228 765 774 314 480 
3 2
715 123 717 696 
2 4
263 176 830 
3 2
31 670 173 317 
3 6
487 450 858 880 
7 7
678 225 617 727 75 194 581 755 
2 2
592 252 672 
1 2
696 522 
4 8
340 700 458 135 745 
2 4
702 215 361 
4 1
262 172 816 437 723 
4 8
443 725 915 905 716 
5 10
579 577 937 152 123 120 
2 2
632 136 652 
1 2
159 367 
1 2
437 801 
2 2
569 426 176 
3 6
647 459 26 713 
2 1
175 570 371 
2 2
380 635 831 
6 4
33 198 445 467 779 187 406 
1 2
309 132 
5 2
356 394 944 337 679 281 
1 1
388 793 
1 1
824 468 
4 4
233 201 298 687 872 
1 2
122 507 
2 2
6 269 941 
3 1
623 253 728 124 
1 1
164 698 
5 5
424 930 159 547 294 772 
1 1
330 453 
1 2
201 264 
10 1
386 267 895 273 203 435 217 292 408 282 144 
3 2
402 49 902 496 
1 1
639 403 
2 2
316 648 881 
1 1
21 929 
1 2
915 433 
7 2
910 790 893 675 44 122 344 680 
2 4
310 218 650 
9 2
698 715 83 699 750 347 940 555 281 572 
3 1
352 930 318 885 
2 4
534 685 796 
2 2
136 419 705 
4 2
883 152 880 444 940 
4 4
664 275 506 404 121 
1 2
119 914 
4 8
234 636 401 527 727 
2 4
183 31 192 
1 1
931 210 
3 1
40 219 630 590 
2 4
4 86 706 
5 10
732 264 517 281 648 218 
1 1
386 41 
2 2
789 292 359 
2 1
137 870 312 
1 2
798 710 
11 22
502 272 566 506 617 159 920 47 191 247 516 15 
3 3
211 53 538 846 
4 8
844 745 283 822 345 
2 2
4 687 27 
1 1
464 842 
3 6
829 882 843 209 
5 2
351 533 48 809 115 686 
2 4
104 608 932 
1 1
474 109 
2 4
739 654 756 
2 1
62 833 10 
2 4
124 849 875 
2 4
181 259 616 
7 14
837 716 440 702 559 543 457 823 
5 2
520 323 845 303 255 415 
3 6
518 50 3 674 
15 2
899 117 815 638 767 137 219 369 707 205 457 148 277 334 847 17 
7 1
456 507 933 434 765 94 664 358 
5 10
924 370 70 894 559 467 
1 2
741 175 
2 4
220 845 806 
4 1
606 240 845 753 409 
5 2
440 55 756 480 699 358 
1 1
42 776 
1 2
678 676 
1 2
376 170 
1 1
784 165 
3 6
98 794 616 280 
2 4
190 854 360 
2 1
478 601 505 
2 4
311 890 31 
6 1
191 348 267 571 77 202 607 
3 3
599 252 137 440 
3 3
703 235 373 309 
4 8
150 260 798 686 516 
6 2
908 807 27 814 905 558 587 
2 1
265 471 847 
1 2
898 375 
4 4
926 788 574 886 656 
3 6
166 640 547 269 
5 10
225 682 706 483 9 413 
2 4
871 460 693 
1 1
555 720 
2 2
580 806 302 
4 8
913 251 57 85 505 
2 2
647 77 293 
1 1
744 269 
2 4
50 884 859 
4 8
93 35 841 433 515 
3 2
570 937 168 802 
2 4
89 773 157 
2 2
18 332 815 
2 4
298 509 63 
1 2
787 674 
6 1
657 460 49 577 338 231 239 
2 4
293 455 496 
1 1
421 861 
1 1
931 619 
3 3
350 926 658 96 
3 6
83 53 446 175 
1 2
758 3 
2 4
761 907 204 
4 2
52 178 849 347 270 
2 1
442 468 845 
2 1
10 18 597 
3 2
833 890 903 171 
1 1
520 859 
1 1
239 109 
3 2
562 793 515 601 
1 1
87 318 
1 2
179 411 
6 6
242 832 791 366 313 388 582 
4 8
301 227 789 96 916 
2 2
466 834 521 
9 1
253 517 283 278 50 814 366 398 853 441 
2 1
778 279 113 
2 4
502 457 345 
1 2
321 740 
2 1
239 567 818 
2 4
570 208 772 
1 2
3 541 
1 1
809 77 
1 2
333 319 
3 1
866 173 712 235 
7 7
721 867 921 82 72 86 657 796 
1 2
464 737 
2 4
347 179 529 
6 3
726 394 416 678 822 241 885 
4 4
760 727 520 493 685 
2 1
880 495 76 
3 6
866 216 264 294 
3 3
360 296 378 763 
3 3
81 601 438 194 
2 2
559 711 422 
1 1
243 615 
2 2
726 53 34 
2 1
548 5 103 
6 1
436 782 362 73 319 579 874 
1 1
616 846 
2 1
415 731 565 
1 1
730 817 
4 1
918 566 265 240 479 
2 1
551 662 851 
7 7
393 737 791 830 838 90 814 304 
2 4
87 346 292 
5 5
741 243 667 56 622 927 
3 1
728 289 23 764 
10 20
893 532 495 246 689 79 578 115 185 359 8 
1 1
512 796 
7 7
322 776 270 513 694 819 299 196 
2 1
926 784 734 
3 1
15 232 580 76 
2 4
862 727 403 
3 2
527 493 266 396 
1 1
11 520 
3 3
896 282 736 19 
2 4
878 217 850 
5 10
838 589 335 821 255 910 
3 3
898 561 741 827 
2 4
149 429 763 
3 6
452 538 433 404 
2 4
860 788 358 
8 1
505 24 373 664 837 867 371 844 386 
4 4
924 577 377 329 94 
3 2
91 423 345 613 
4 1
642 587 939 914 31 
1 1
106 941 
2 2
400 238 51 
4 1
28 566 865 921 468 
1 2
559 237 
1 1
216 271 
2 2
501 259 862 
3 1
117 631 876 64 
8 1
622 14 914 7 320 581 92 189 171 
2 2
561 302 185 
1 2
511 613 
2 2
579 867 198 
1 1
489 730 
5 5
132 724 39 170 541 150 
1 2
525 388 
10 4
56 299 74 858 331 837 3 12 135 842 511 
4 8
733 313 927 331 583 
4 8
604 869 668 476 584 
1 1
853 722 
5 1
448 120 474 772 469 494 
1 1
932 616 
1 1
464 854 
2 2
591 897 240 
1 2
29 643 
1 1
611 656 
1 1
256 822 
2 1
795 87 438 
1 1
13 206 
8 1
300 58 653 589 222 781 229 481 319 
2 4
584 271 267 
1 1
36 12 
3 1
794 776 14 852 
2 1
17 818 379 
1 1
734 28 
3 2
181 458 869 53 
1 2
362 425 
2 2
231 517 519 
3 2
210 382 518 74 
1 1
214 445 
2 2
398 648 144 
1 2
732 314 
1 2
28 246 
3 3
830 739 4 203 
4 2
128 758 581 884 665 
10 2
867 853 932 897 277 639 391 54 89 395 606 
1 1
823 836 
2 4
127 569 148 
3 3
867 530 310 282 
2 2
521 465 515 
8 2
801 43 184 379 48 264 737 162 521 
3 1
814 809 905 913 
2 4
634 391 13 
4 4
665 216 546 49 649 
2 1
119 193 612 
1 2
185 462 
4 8
727 625 167 321 233 
2 4
929 705 78 
1 1
795 622 
3 1
654 904 862 680 
1 1
619 921 
1 2
346 744 
3 3
657 373 830 228 
1 2
925 517 
3 2
499 713 605 560 
9 3
791 63 836 590 878 200 506 671 1 131 
1 2
385 636 
2 2
573 928 55 
1 2
526 395 
1 1
745 59 
1 2
193 620 
2 2
80 907 683 
2 2
169 246 435 
1 1
671 4 
3 2
877 68 199 583 
1 2
687 698 
2 4
65 124 30 
4 8
741 825 185 128 190 
3 2
681 787 71 879 
1 2
882 605 
1 1
895 281 
1 1
457 110 
1 2
297 67 
1 2
342 594 
10 10
2 525 627 314 187 774 369 835 176 137 599 
4 1
615 381 746 190 761 
2 1
913 784 126 
2 4
872 504 530 
5 5
504 279 124 289 761 608 
1 1
503 573 
1 1
176 592 
2 2
904 195 756 
1 2
893 751 
4 1
90 528 69 488 442 
3 1
323 308 686 414 
1 2
54 172 
5 1
175 21 84 911 524 154 
5 5
395 528 368 652 191 311 
12 3
142 523 606 411 885 235 442 730 571 136 622 927 474 
8 1
592 518 237 78 562 858 279 634 901 
2 4
370 561 210 
1 2
398 558 
3 3
268 105 652 770 
2 4
814 876 543 
